         0         0 0.0001912         0         0  0.003547         0         0 2.994e-08 1.565e-08
         0         0     10.06  0.001576  0.001576         0         0         0         0         0
     1.038     945.5         0         0         0         0  0.001576  0.001576  0.001576  0.001576
         0    0.2409         0         0     303.7         0         0         0     10.06         0
         0    0.4611         0     581.1         0         0         0         0         0     10.06
     158.7         0         0         0         0         0  0.001576  0.001576         0         0
         0         0   0.02923         0         0  0.003547         0     303.7     7.273         0
         0         0   0.05594         0         0  0.006787     581.1         0         0     7.273
   0.02485         0    0.2409     945.5         0         0     59.94         0         0     303.7
   0.02485         0    0.4611         0     945.5         0         0     59.94     581.1         0
