         0 0.0002645  0.001576 3.893e-06         0         0         0 3.893e-06         0         0
 0.0005952         0         0   0.05594     1.221         0         0   0.05594         0         0
  0.003547         0         0         0         0         0         0         0 3.893e-06         0
 7.222e-05    0.4611         0         0         0  0.001576  0.001576         0  0.001576  0.001576
         0     82.92         0         0         0  0.001576  0.001576         0         0         0
         0         0         0   0.02923  0.003547         0     303.7         0     7.273         0
         0         0         0   0.05594  0.006787     581.1         0         0         0     7.273
  0.004906     31.32         0         0         0         0         0         0  0.001576  0.001576
         0         0  0.004906    0.2409         0     59.94         0  0.003547         0     303.7
         0         0         0    0.4611         0         0     59.94  0.006787     581.1         0
