         0     26.63 2.903e-07         0         0         0         0         0         0         0
     36.84         0         0         0         0         0         0         0  3.31e-06  3.31e-06
 7.449e-06         0         0     303.7         0     6.183         0         0     8.554         0
         0         0     581.1         0     43.33         0     6.183         0         0     8.554
         0         0         0     43.33         0         0         0     6.183         0         0
         0         0     36.84         0         0         0     303.7         0         0         0
         0         0         0     36.84         0     581.1         0     43.33         0     36.84
         0         0         0         0     36.84         0     43.33         0         0         0
         0 0.0008234     114.7         0         0         0         0         0         0     303.7
         0  0.001576         0     114.7         0         0     82.92         0     581.1         0
