         0     219.5         0   0.05594         0         0         0         0         0         0  6.14e-05         0         0 1.056e-11
     357.2         0         0   0.09102         0         0    0.1481    0.1481         0         0         0         0         0         0
         0         0         0     3.231         0   0.05594         0         0         0         0         0         0         0         0
     0.392     0.392      4.47         0         0         0   0.05594         0     0.392         0         0         0         0         0
         0         0         0         0         0      4.47         0         0         0         0         0         0         0         0
         0         0    0.5423         0     7.273         0     3.231         0         0         0         0         0         0         0
         0     6.183         0    0.5423         0      4.47         0         0         0         0         0         0 8.176e-09         0
         0     7.273         0         0         0         0         0         0         0         0         0         0 9.617e-09         0
         0         0         0     803.9         0         0         0         0         0  0.003015         0 1.063e-06         0         0
         0         0         0         0         0         0         0         0    0.4611         0         0         0 0.0002645         0
     803.9         0         0         0         0         0         0         0         0         0         0         0         0 0.0001382
         0         0         0         0         0         0         0         0 0.0009685         0         0         0         0    0.3333
         0         0         0         0         0         0  0.002564  0.002564         0  0.002564         0         0         0    0.4611
 0.0009685         0         0         0         0         0         0         0         0         0 0.0009685     2.336     1.986         0
