         0         0     10.06         0    0.1742         0         0         0 0.0002645         0         0 4.723e-07         0  1.73e-06 3.209e-05         0         0         0         0         0         0         0         0         0         0         0         0         0         0         0         0         0         0         0  1.73e-06         0         0         0         0         0         0         0
         0         0     11.83     82.92     11.83         0         0         0         0         0 3.089e-09 1.784e-07         0 2.034e-06         0         0         0 2.468e-07         0         0         0         0         0         0         0         0 2.468e-07         0         0         0         0         0         0         0         0         0         0         0         0         0         0         0
     114.7     11.83         0         0         0         0         0         0         0         0         0         0         0         0         0         0         0         0         0         0         0         0         0         0         0         0         0         0         0         0         0         0         0         0         0         0         0         0         0         0         0         0
         0     97.53         0         0         0     13.92         0         0         0         0         0 2.098e-07         0         0         0         0         0 2.903e-07         0         0         0         0  0.001139         0         0         0         0         0         0         0         0         0         0         0         0         0         0         0         0         0         0         0
     6.183     36.84         0         0         0     97.53     36.84         0         0         0 3.633e-09         0         0         0         0         0         0         0         0         0         0         0         0         0         0         0         0         0         0         0 2.903e-07         0         0         0         0         0         0         0         0         0         0         0
         0         0         0     36.84     97.53         0         0     36.84         0         0 4.142e-08         0         0         0         0    0.2049         0 7.684e-07         0         0         0         0         0         0         0         0         0         0         0         0  9.92e-10         0         0         0         0         0         0         0         0         0         0         0
         0         0         0         0     420.1         0         0         0         0         0         0 7.684e-07         0         0         0         0         0         0         0         0         0         0         0         0         0         0         0         0         0         0         0         0         0         0         0         0         0         0         0         0         0         0
         0         0         0         0         0     420.1         0         0         0         0         0  1.47e-06         0         0         0         0         0         0         0         0         0         0         0         0         0         0         0         0         0         0         0         0         0         0         0         0         0         0         0         0         0         0
    0.4611         0         0         0         0         0         0         0         0     97.53         0         0    0.5423         0         0         0         0         0         0 3.893e-06         0         0         0         0         0         0         0         0         0         0         0         0         0         0         0         0         0         0         0         0         0         0
         0         0         0         0         0         0         0         0     97.53         0         0         0         0         0     5.257         0         0         0         0 3.893e-06         0         0         0         0         0         0         0         0         0         0         0         0         0         0         0         0         0         0         0         0         0         0
         0 5.555e-07         0         0 2.098e-07 2.393e-06         0         0         0         0         0     7.273         0         0         0 1.212e-05    0.2834         0     2.747         0         0         0         0         0         0         0         0         0         0         0 2.319e-05         0         0         0         0         0         0         0         0         0         0         0
   0.00134 4.438e-05         0 4.438e-05         0         0 5.385e-06  1.03e-05         0         0     10.06         0         0   0.01299         0         0         0         0      4.47         0 4.438e-05         0         0         0         0         0         0         0         0         0         0         0 2.319e-05         0         0         0 3.186e-10         0         0         0         0         0
         0         0         0         0         0         0         0         0     1.038         0         0         0         0  9.99e-05         0         0         0         0         0         0         0         0         0         0         0         0         0         0         0         0         0         0         0         0         0         0         0         0         0         0         0         0
   0.00577 0.0005952         0         0         0         0         0         0         0         0         0   0.01528  9.99e-05         0         0         0         0   0.00577         0    0.4611    0.4611         0         0         0         0         0         0         0         0   0.01528         0         0 0.0005061         0         0         0         0         0         0         0         0         0
    0.1481         0         0         0         0         0         0         0         0     13.92         0         0         0         0         0     7.273         0         0         0 0.0009685         0         0         0  0.001139         0         0         0         0         0         0         0         0         0         0         0  5.91e-09         0         0         0         0         0         0
         0         0         0         0         0     36.84         0         0         0         0 3.774e-05         0         0         0     10.06         0         0         0         0         0         0         0         0         0         0         0         0         0         0         0         0         0         0         0         0 8.176e-09         0         0         0         0         0         0
         0         0         0         0         0         0         0         0         0         0      4.47         0         0         0         0         0         0         0         0         0         0         0         0         0         0     2.747         0 0.0005061         0         0         0         0         0         0         0         0         0         0         0         0         0         0
         0  0.003547         0  0.003547         0  0.003547         0         0         0         0         0         0         0    0.2834         0         0         0         0     494.1         0         0         0         0         0    0.2834         0         0         0         0         0   0.01528         0         0         0         0         0         0         0         0         0         0         0
         0         0         0         0         0         0         0         0         0         0     219.5     258.2         0         0         0         0         0     494.1         0         0         0         0         0         0         0         0         0         0         0         0   0.00577         0         0         0         0         0         0         0         0         0         0         0
         0         0         0         0         0         0         0         0 0.0005952 0.0005952         0         0         0     36.84   0.05594         0         0         0         0         0     134.9         0         0         0         0         0         0         0         0         0         0         0         0         0         0         0         0         0         0         0         0         0
         0         0         0         0         0         0         0         0         0         0         0   0.01528         0     134.9         0         0         0         0         0     494.1         0     219.5         0   0.05594         0         0         0         0         0         0         0         0         0         0         0         0         0         0         0         0         0         0
         0         0         0         0         0         0         0         0         0         0         0         0         0         0         0         0         0         0         0         0     357.2         0         0         0         0         0         0         0         0         0         0         0    0.1481         0         0         0         0         0         0         0         0         0
         0         0         0     134.9         0         0         0         0         0         0         0         0         0         0         0         0         0         0         0         0         0         0         0         0         0         0   0.03438         0         0         0         0         0         0         0         0         0         0         0         0         0         0         0
         0         0         0         0         0         0         0         0         0         0         0         0         0         0    0.5423         0         0         0         0         0    0.1259         0         0         0         0         0         0         0         0         0         0         0         0         0         0         0         0         0 0.0009685         0         0         0
         0         0         0         0         0         0         0         0         0         0         0         0         0         0         0         0         0      4.47         0         0         0         0         0         0         0     494.1         0     0.392         0         0         0         0         0         0         0         0         0         0         0         0         0         0
         0         0         0         0         0         0         0         0         0         0         0         0         0         0         0         0     219.5         0         0         0         0         0         0         0     494.1         0         0         0         0         0         0         0         0         0         0         0         0         0         0         0         0         0
         0    0.5423         0         0         0         0         0         0         0         0         0         0         0         0         0         0         0         0         0         0         0         0    0.5423         0         0         0         0         0         0         0     2.336         0         0         0         0         0         0         0         0         0         0         0
         0         0         0         0         0         0         0         0         0         0         0         0         0         0         0         0    0.4611         0         0         0         0         0         0         0      4.47         0         0         0   0.05594         0      4.47         0         0         0         0         0         0         0         0         0         0         0
         0         0         0         0         0         0         0         0         0         0         0         0         0         0         0         0         0         0         0         0         0         0         0         0         0         0         0   0.05594         0         0         0      4.47         0         0         0         0         0         0         0         0         0         0
         0         0         0         0         0         0         0         0         0         0         0         0         0     158.7         0         0         0         0         0         0         0         0         0         0         0         0         0         0         0         0         0         0         0         0         0         0         0  1.25e-06         0         0         0         0
         0         0         0         0     0.392   0.00134         0         0         0         0    0.5423         0         0         0         0         0         0      4.47     1.689         0         0         0         0         0         0         0      4.47     7.273         0         0         0   0.05594     3.231         0         0         0         0         0         0         0         0         0
         0         0         0         0         0         0         0         0         0         0         0         0         0         0         0         0         0         0         0         0         0         0         0         0         0         0         0         0     7.273         0   0.05594         0         0     3.231         0         0         0         0         0         0         0         0
         0         0         0         0         0         0         0         0         0         0         0    0.5423         0     10.06         0         0         0         0         0         0         0     6.183         0         0         0         0         0         0         0         0      4.47         0         0   0.05594         0         0         0         0         0         0         0         0
         0         0         0         0         0         0         0         0         0         0         0         0         0         0         0         0         0         0         0         0         0         0         0         0         0         0         0         0         0         0         0      4.47   0.05594         0         0         0         0         0         0         0         0         0
     158.7         0         0         0         0         0         0         0         0         0         0         0         0         0         0         0         0         0         0         0         0         0         0         0         0         0         0         0         0         0         0         0         0         0         0         0         0 1.972e-05         0         0         0         0
         0         0         0         0         0         0         0         0         0         0         0         0         0         0  0.002564  0.002564         0         0         0         0         0         0         0         0         0         0         0         0         0         0         0         0         0         0         0         0         0 0.0001175         0   0.01104         0         0
         0         0         0         0         0         0         0         0         0         0         0  0.002564         0         0         0         0         0         0         0         0         0         0         0         0         0         0         0         0         0         0         0         0         0         0         0         0         0    0.7502         0         0         0         0
         0         0         0         0         0         0         0         0         0         0         0         0         0         0         0         0         0         0         0         0         0         0         0         0         0         0         0         0         0  0.002564         0         0         0         0   0.01528  0.004171     2.336         0         0         0    0.4611         0
         0         0         0         0         0         0         0         0         0         0         0         0         0         0         0         0         0         0         0         0         0         0         0     581.1         0         0         0         0         0         0         0         0         0         0         0         0         0         0         0         0         0  1.25e-06
         0         0         0         0         0         0         0         0         0         0         0         0         0         0         0         0         0         0         0         0         0         0         0         0         0         0         0         0         0         0         0         0         0         0         0      70.5         0         0         0         0 0.0003658   0.01104
         0         0         0         0         0         0         0         0         0         0         0         0         0         0         0         0         0         0         0         0         0         0         0         0         0         0         0         0         0         0         0         0         0         0         0         0         0     581.1         0  0.002564         0   0.01104
         0         0         0         0         0         0         0         0         0         0         0         0         0         0         0         0         0         0         0         0         0         0         0         0         0         0         0         0         0         0         0         0         0         0         0         0         0         0  0.002564     2.336    0.3333         0
