         0  6.14e-05         0         0         0         0         0         0         0         0         0 3.633e-09         0         0         0         0         0         0         0         0    0.2049 7.926e-08         0         0         0         0         0         0         0         0         0         0         0         0         0         0         0         0         0         0         0         0         0         0         0         0         0         0         0         0         0         0
 0.0003658         0     1.436         0         0         0         0         0         0         0         0         0         0         0     8.554         0         0         0         0         0         0         0         0         0         0         0         0         0         0         0         0         0         0         0         0         0         0         0         0         0         0         0         0         0         0         0         0         0         0         0         0         0
         0     2.336         0     97.53         0         0         0         0         0         0         0         0         0         0         0         0         0         0         0         0         0         0         0         0         0         0         0         0         0         0         0         0         0         0         0         0         0         0         0         0         0         0         0         0         0         0         0         0         0         0         0         0
         0         0     97.53         0    0.1259         0         0         0         0         0         0         0         0         0         0     8.554         0         0         0         0         0         0         0         0         0         0         0         0         0         0         0         0         0         0         0         0         0         0         0         0         0         0         0         0         0         0         0         0         0         0         0         0
         0         0         0    0.2409         0         0         0         0         0 4.578e-06 4.578e-06         0         0         0         0         0         0         0         0     1.038         0         0         0         0         0         0         0         0         0         0         0         0         0 3.089e-09         0         0 6.739e-08         0         0         0  0.001853         0         0         0         0         0         0         0         0         0         0         0
         0         0         0         0         0         0     97.53     1.436         0         0         0         0         0         0         0         0         0         0         0         0         0         0         0         0         0         0         0         0         0         0         0         0  1.73e-06         0         0         0         0         0         0         0         0         0         0         0         0         0         0         0         0         0         0         0
         0         0         0         0         0     97.53         0         0     1.436         0         0         0         0         0         0         0         0         0         0         0         0         0         0         0         0         0         0         0         0         0         0         0  1.73e-06         0         0         0         0         0         0         0         0         0         0         0         0         0         0         0         0         0         0         0
         0         0         0         0         0     2.336         0         0     97.53         0         0         0         0         0         0         0         0         0         0         0         0         0         0         0         0         0         0         0         0         0         0         0         0  1.73e-06         0         0 1.096e-07         0         0         0         0         0         0         0         0         0         0         0         0         0         0         0
         0         0         0         0         0         0     2.336     97.53         0         0         0         0         0         0         0         0         0         0         0         0         0         0         0         0         0         0         0         0         0         0         0         0         0  1.73e-06         0         0 5.025e-09         0         0         0         0         0         0         0         0         0         0         0         0         0         0         0
         0         0         0         0 1.972e-05         0         0         0         0         0     303.7         0 2.728e-05         0         0         0         0         0         0         0         0         0         0         0   0.09102         0 1.784e-07         0         0         0         0         0         0 2.994e-08         0         0  3.31e-06         0         0         0         0  0.007982         0         0         0         0         0         0         0         0         0         0
         0         0         0         0 1.972e-05         0         0         0         0     303.7         0         0 2.728e-05         0         0         0         0         0         0         0         0         0         0   0.09102         0 7.926e-08         0         0         0         0         0         0         0         0         0         0         0         0         0         0         0         0  0.007982         0         0         0         0         0         0         0         0         0
 5.555e-07         0         0         0         0         0         0         0         0         0         0         0         0     1.436         0         0     258.2         0         0         0         0 7.222e-05         0         0         0         0         0         0         0         0         0         0         0         0         0         0         0         0         0         0         0         0         0         0         0         0         0         0         0         0         0         0
         0         0         0         0         0         0         0         0         0  6.14e-05  6.14e-05         0         0     13.92         0         0         0         0     13.92         0         0         0         0         0         0         0  5.22e-05         0  5.22e-05         0         0         0         0 2.728e-05         0         0 4.872e-08         0         0         0         0         0         0         0         0         0         0         0         0         0         0         0
         0         0         0         0         0         0         0         0         0         0         0     2.336     19.25         0         0         0         0     258.2         0         0         0         0         0         0         0         0 7.222e-05         0         0         0         0         0         0         0         0         0         0         0         0         0         0         0         0         0         0         0         0         0         0         0         0         0
         0     420.1         0         0         0         0         0         0         0         0         0         0         0         0         0         0         0         0         0         0         0 1.063e-06         0         0         0         0         0         0         0         0         0         0         0         0         0         0         0         0         0         0         0         0         0         0         0         0         0         0         0         0         0         0
         0         0         0     420.1         0         0         0         0         0         0         0         0         0         0         0         0         0         0         0         0         0         0         0         0         0         0         0         0         0         0         0     11.83         0         0         0         0         0         0         0         0         0         0         0         0         0         0         0         0         0         0         0         0
         0         0         0         0         0         0         0         0         0         0         0     803.9         0         0         0         0         0         0         0         0         0         0 0.0003658         0         0         0         0         0         0         0         0         0         0         0         0         0         0         0         0         0         0         0         0         0         0         0         0         0         0         0         0         0
         0         0         0         0         0         0         0         0         0         0         0         0         0     803.9         0         0         0         0     158.7         0         0         0  0.004906         0         0         0         0         0         0         0         0         0         0         0         0         0         0         0         0         0         0         0         0         0         0         0         0         0         0         0         0         0
         0         0         0         0         0         0         0         0         0         0         0         0      70.5         0         0         0         0     186.6         0         0         0         0         0         0         0  0.004906         0         0         0         0     0.392         0         0         0         0         0         0         0         0         0         0         0         0         0         0         0         0         0         0         0         0         0
         0         0         0         0     59.94         0         0         0         0         0         0         0         0         0         0         0         0         0         0         0         0         0         0         0         0         0 8.761e-06         0         0         0         0         0         0         0         0         0         0 1.972e-05         0         0         0         0         0         0         0         0         0         0         0         0         0         0
     803.9         0         0         0         0         0         0         0         0         0         0         0         0         0         0         0         0         0         0         0         0         0         0         0         0         0         0         0         0         0         0         0         0         0     0.392         0         0         0         0         0         0         0         0         0         0         0         0         0         0         0         0         0
 0.0005952         0         0         0         0         0         0         0         0         0         0  0.003547         0         0 2.728e-05         0         0         0         0         0         0         0         0         0         0  0.003547     1.436         0         0         0         0         0    0.1481         0         0         0         0         0         0         0         0         0         0 2.728e-05         0         0         0 1.212e-05         0         0         0         0
         0         0         0         0         0         0         0         0         0         0         0         0         0         0         0         0  0.007982   0.06579         0         0         0         0         0         0         0     158.7         0         0         0         0         0         0         0         0         0         0         0         0         0         0         0         0         0         0         0         0         0         0         0         0         0         0
         0         0         0         0         0         0         0         0         0         0     11.83         0         0         0         0         0         0         0         0         0         0         0         0         0         0         0 5.385e-06         0         0     303.7         0         0         0 3.893e-06         0         0         0 0.0001912         0         0         0         0         0         0         0         0         0         0         0         0         0         0
         0         0         0         0         0         0         0         0         0     11.83         0         0         0         0         0         0         0         0         0         0         0         0         0         0         0  6.14e-05         0         0         0         0         0         0         0         0         0         0         0 0.0001912         0         0         0         0         0         0         0         0         0         0         0         0         0         0
         0         0         0         0         0         0         0         0         0         0 1.212e-05         0         0         0         0         0         0         0   0.06579         0         0   0.00577     186.6         0 7.222e-05         0  0.003547         0         0         0         0         0         0         0         0     43.33         0         0         0         0         0         0         0         0  0.007982         0         0         0         0         0         0         0
         0         0         0         0         0         0         0         0         0 2.728e-05         0         0  0.003547  0.003547         0         0         0         0         0  9.99e-05         0     2.336         0 6.334e-06         0  0.003547         0         0         0         0         0         0         0    0.1481         0         0 0.0003658 0.0009685         0         0         0         0         0 0.0001912         0         0         0 1.972e-05         0         0         0         0
         0         0         0         0         0         0         0         0         0         0         0         0         0         0         0         0         0         0         0         0         0         0         0         0         0         0         0         0         0         0         0         0         0         0  0.001139         0         0         0         0         0         0         0         0 2.728e-05         0         0         0         0         0         0         0         0
         0         0         0         0         0         0         0         0         0         0         0         0  0.006787         0         0         0         0         0         0         0         0         0         0         0         0         0         0         0         0         0  0.003015         0         0         0         0         0         0 0.0009685         0         0         0         0         0 0.0001912         0         0         0         0         0         0         0         0
         0         0         0         0         0         0         0         0         0         0         0         0         0         0         0         0         0         0         0         0         0         0         0     803.9         0         0         0         0         0         0         0         0         0         0         0         0 4.438e-05         0         0         0         0         0         0         0         0         0         0         0         0         0         0         0
         0         0         0         0         0         0         0         0         0         0         0         0         0         0         0         0         0         0     11.83         0         0         0         0         0         0         0         0         0  0.003547         0         0         0         0         0         0         0         0         0         0         0         0         0         0         0         0         0         0         0         0         0         0         0
         0         0         0         0         0         0         0         0         0         0         0         0         0         0         0     803.9         0         0         0         0         0         0         0         0         0         0         0         0         0         0         0         0         0         0         0         0 0.0008234 0.0005952         0         0         0         0         0         0         0         0         0         0         0         0         0         0
         0         0         0         0         0   0.00577   0.00577         0         0         0         0         0         0         0         0         0         0         0         0         0         0     1.221         0         0         0         0         0         0         0         0         0         0         0     1.436         0         0         0         0         0         0         0         0         0         0         0         0         0         0         0         0         0         0
         0         0         0         0 1.677e-05         0         0   0.00577   0.00577 3.774e-05         0         0   0.01528         0         0         0         0         0         0         0         0         0         0 3.774e-05         0         0     1.221         0         0         0         0         0     2.336         0         0         0 1.972e-05  0.003015         0         0         0         0         0         0         0         0         0         0         0         0         0         0
         0         0         0         0         0         0         0         0         0         0         0         0         0         0         0         0         0         0         0         0     11.83         0         0         0         0         0         0  0.009389         0         0         0         0         0         0         0         0         0         0         0         0         0         0         0         0         0         0         0         0         0         0         0         0
         0         0         0         0         0         0         0         0         0         0         0         0         0         0         0         0         0         0         0         0         0         0         0         0         0     683.5         0         0         0         0         0         0         0         0         0         0         0         0         0         0         0         0         0         0         0   0.04756         0         0         0         0         0         0
         0         0         0         0  0.001139         0         0  0.001139  5.22e-05   0.01299         0         0 8.494e-05         0         0         0         0         0         0         0         0         0         0         0         0         0  0.009389         0         0 0.0005061         0  0.007982         0  6.14e-05         0         0         0   0.02113  0.001139         0         0         0         0         0         0         0         0         0         0         0         0         0
         0         0         0         0         0         0         0         0         0         0         0         0         0         0         0         0         0         0         0   0.02923         0         0         0   0.02923   0.02923         0    0.1259         0   0.06579         0         0   0.02923         0   0.04756         0         0     0.107         0         0   0.02485         0         0         0         0         0         0         0         0         0         0         0         0
         0         0         0         0         0         0         0         0         0         0         0         0         0         0         0         0         0         0         0         0         0         0         0         0         0         0         0         0         0         0         0         0         0         0         0         0  0.009389         0         0         0         0 6.334e-06 6.334e-06         0         0         0         0         0         0         0 3.414e-07         0
         0         0         0         0         0         0         0         0         0         0         0         0         0         0         0         0         0         0         0         0         0         0         0         0         0         0         0         0         0         0         0         0         0         0         0         0         0   0.09102         0         0         0         0         0   0.04756         0         0         0         0         0         0         0         0
         0         0         0         0     803.9         0         0         0         0         0         0         0         0         0         0         0         0         0         0         0         0         0         0         0         0         0         0         0         0         0         0         0         0         0         0         0         0         0         0         0         0         0         0         0         0         0     6.183         0         0         0         0         0
         0         0         0         0         0         0         0         0         0     803.9         0         0         0         0         0         0         0         0         0         0         0         0         0         0         0         0         0         0         0         0         0         0         0         0         0         0         0         0 1.972e-05         0         0         0         0         0         0         0         0         0         0         0         0         0
         0         0         0         0         0         0         0         0         0         0     803.9         0         0         0         0         0         0         0         0         0         0         0         0         0         0         0         0         0         0         0         0         0         0         0         0         0         0         0 1.972e-05         0         0         0         0         0         0         0         0         0         0         0         0         0
         0         0         0         0         0         0         0         0         0         0         0         0         0         0         0         0         0         0         0         0         0    0.2049         0         0         0         0    0.8823     0.107    0.4611         0         0         0         0         0         0         0         0         0         0    0.4611         0         0         0         0     3.231         0         0     1.436         0         0         0         0
         0         0         0         0         0         0         0         0         0         0         0         0         0         0         0         0         0         0         0         0         0         0         0         0         0     36.84         0         0         0         0         0         0         0         0         0         0         0         0         0         0         0         0         0     3.231         0         0         0         0         0         0         0         0
         0         0         0         0         0         0         0         0         0         0         0         0         0         0         0         0         0         0         0         0         0         0         0         0         0         0         0         0         0         0         0         0         0         0         0     16.37         0         0         0         0         0         0         0         0         0         0         0     1.038         0         0         0         0
         0         0         0         0         0         0         0         0         0         0         0         0         0         0         0         0         0         0         0         0         0         0         0         0         0         0         0         0         0         0         0         0         0         0         0         0         0         0         0         0      70.5         0         0         0         0         0         0         0         0         0 1.212e-05         0
         0         0         0         0         0         0         0         0         0         0         0         0         0         0         0         0         0         0         0         0         0    0.4611         0         0         0         0    0.4611         0         0         0         0         0         0         0         0         0         0         0         0         0         0         0         0     7.273         0      4.47         0         0   0.01104         0         0         0
         0         0         0         0         0         0         0         0         0         0         0         0         0         0         0         0         0         0         0         0         0         0         0         0         0         0         0         0         0         0         0         0         0         0         0         0         0         0         0         0         0         0         0         0         0         0         0   0.02113         0 0.0002645         0         0
         0         0         0         0         0         0         0         0         0         0         0         0         0         0         0         0         0         0         0         0         0         0         0         0         0         0         0         0         0         0         0         0         0         0         0         0         0         0         0         0         0         0         0         0         0         0         0         0  0.009389         0         0  1.47e-06
         0         0         0         0         0         0         0         0         0         0         0         0         0         0         0         0         0         0         0         0         0         0         0         0         0         0         0         0         0         0         0         0         0         0         0         0         0         0  0.002564         0         0         0         0         0         0         0  0.002564         0         0         0         0 0.0002645
         0         0         0         0         0         0         0         0         0         0         0         0         0         0         0         0         0         0         0         0         0         0         0         0         0         0         0         0         0         0         0         0         0         0         0         0         0         0         0         0         0         0         0         0         0         0         0         0         0  0.002564    0.4611         0
