         0         0         0     10.06         0         0         0  0.001576         0         0         0         0         0         0         0 4.723e-07  1.73e-06         0         0         0         0         0         0         0         0         0         0         0         0         0         0         0         0         0         0         0         0         0         0         0         0         0         0         0         0         0         0         0         0         0         0         0
         0         0         0         0      4.47         0         0         0         0         0         0         0         0         0         0         0  1.25e-06         0 2.098e-07         0    0.4611         0         0         0         0         0         0         0         0         0         0         0         0  0.001139         0         0         0         0         0         0         0         0         0         0         0         0         0         0         0         0         0         0
         0         0         0     11.83     97.53     11.83         0    0.1742         0         0         0    0.4611         0         0 3.633e-09         0 2.034e-06         0         0         0         0         0         0         0         0         0         0         0         0         0         0         0         0         0         0         0         0         0         0         0 2.903e-07         0         0         0         0         0         0         0         0         0         0         0
     114.7         0     11.83         0         0         0         0         0         0         0         0         0         0         0         0         0         0         0         0         0         0         0         0         0         0         0         0         0         0         0         0         0         0         0         0         0         0         0         0         0         0         0         0         0         0         0         0         0         0         0         0         0
         0     7.273     97.53         0         0         0     11.83         0         0     11.83    0.4611         0         0         0         0         0 2.034e-06         0         0         0         0         0         0         0         0         0         0         0         0         0         0         0         0         0         0  0.001139         0         0         0         0         0         0         0         0         0         0         0         0         0         0         0         0
         0         0     36.84         0         0         0     97.53         0 1.063e-06         0         0         0    0.1742         0 9.617e-09         0         0         0         0         0         0         0         0         0         0         0         0         0 7.926e-08         0         0         0 3.633e-09         0 2.164e-08         0         0         0         0         0 2.903e-07         0         0         0         0         0         0         0         0         0         0         0
         0         0         0         0     36.84     97.53         0         0 2.034e-06         0         0         0         0    0.1742 3.414e-07         0         0         0         0    0.2049         0         0         0         0         0         0         0         0         0         0         0         0 3.633e-09         0         0         0         0         0         0         0         0  0.001139         0         0         0         0         0         0         0         0         0         0
     0.392         0       3.8         0         0         0         0         0         0         0         0         0   0.07738         0         0 4.578e-06 4.438e-05         0         0         0         0         0 7.449e-06         0         0         0   0.07738         0         0         0         0     0.392         0         0         0         0         0         0         0         0         0         0         0         0         0         0         0         0         0         0         0         0
         0         0         0         0         0  1.03e-05 1.972e-05         0         0         0         0         0         0         0     1.986     13.92         0         0    0.2834         0         0         0         0         0         0         0         0         0         0         0         0         0   0.04756         0 5.385e-06         0         0         0         0         0         0         0         0         0         0         0         0         0         0         0         0         0
         0         0         0         0     581.1         0         0         0         0         0         0         0         0         0 5.385e-06         0         0         0         0         0         0         0         0         0         0         0         0         0         0         0         0         0         0         0         0         0         0         0         0         0         0         0         0         0         0         0         0         0         0         0         0         0
         0         0         0         0     36.84         0         0         0         0         0         0         0         0         0         0         0         0         0         0     1.221         0         0         0         0         0         0         0         0         0         0         0         0         0         0         0         0         0         0         0         0         0         0         0         0         0         0         0         0         0         0         0         0
         0         0     36.84         0         0         0         0         0         0         0         0         0      4.47         0         0         0         0         0         0         0         0         0         0         0         0         0         0         0         0         0         0         0         0         0         0         0         0         0         0         0         0         0         0         0         0         0         0         0         0         0         0         0
         0         0         0         0         0     8.554         0    0.5423         0         0         0     8.554         0     97.53  1.03e-05         0         0         0         0         0         0         0         0         0         0         0     10.06         0 3.893e-06         0         0         0         0         0         0         0         0         0         0         0         0         0         0         0         0 1.281e-12 2.794e-11         0         0         0         0         0
         0         0         0         0         0         0     8.554         0         0         0         0         0     97.53         0         0         0  0.000311     5.257         0         0         0         0         0         0         0         0         0     10.06 3.893e-06         0         0         0         0         0         0         0         0         0         0         0         0         0         0         0         0 1.281e-12         0 2.794e-11         0         0         0         0
         0         0 6.533e-07         0         0 5.555e-07 1.972e-05         0     11.83 1.972e-05         0         0 1.212e-05         0         0     11.83         0 1.972e-05         0         0         0    0.2834         0         0         0         0         0         0         0         0         0         0         0         0         0         0         0         0         0         0 7.222e-05         0         0         0         0         0         0         0         0         0         0         0
   0.00134         0         0         0         0         0         0  5.22e-05     114.7         0         0         0         0         0     16.37         0   0.01299         0         0         0         0         0    0.2834         0         0         0         0         0         0         0         0         0         0         0 0.0001625         0         0         0         0         0         0         0         0         0         0         0         0         0         0         0         0         0
   0.00577 0.0005952 0.0005952         0 0.0005952         0         0 0.0005952         0         0         0         0         0 0.0005952         0   0.01528         0         0         0         0         0         0   0.01528         0         0         0         0         0    0.4611         0         0 0.0005952         0         0    0.4611         0         0         0         0         0         0         0         0         0         0         0         0         0         0         0         0         0
         0         0         0         0         0         0         0         0         0         0         0         0         0     13.92 4.438e-05         0         0         0         0     7.273         0         0         0         0         0         0         0         0 0.0009685         0         0         0         0         0         0         0         0         0         0         0         0         0         0  5.91e-09         0         0         0         0         0         0         0         0
         0 0.0001625         0         0         0         0         0         0      4.47         0         0         0         0         0         0         0         0         0         0         0         0     1.986     13.92         0         0         0         0         0         0         0         0         0         0         0         0         0         0 8.494e-05         0         0         0         0         0         0         0         0         0         0         0         0         0         0
         0         0         0         0         0         0     36.84         0         0         0     8.554         0         0         0         0         0         0     10.06         0         0         0         0         0         0         0         0         0         0         0         0         0         0         0         0         0         0         0         0         0         0         0         0         0 8.176e-09         0         0         0         0         0         0         0         0
         0     581.1         0         0         0         0         0         0         0         0         0         0         0         0         0         0         0         0         0         0         0 5.385e-06         0         0         0         0         0         0         0         0         0         0         0         0         0         0         0         0         0         0         0         0         0         0         0         0         0         0         0         0         0         0
         0         0         0         0         0         0         0         0         0         0         0         0         0         0      4.47         0         0         0     11.83         0 1.972e-05         0     11.83         0         0         0         0         0         0         0         0         0         0         0         0         0         0 0.0005061         0         0 0.0005061         0         0         0         0         0         0         0         0         0         0         0
         0         0         0         0         0         0         0   0.00134         0         0         0         0         0         0         0      4.47    0.2049         0     114.7         0         0     16.37         0         0         0         0         0         0         0         0         0         0         0         0  0.002564         0         0         0         0         0         0         0         0         0         0         0         0         0         0         0         0         0
         0         0         0         0         0         0         0         0         0         0         0         0         0         0         0         0         0         0         0         0         0         0         0         0     219.5   0.05594         0         0         0         0         0         0         0         0     16.37         0         0         0         0         0         0         0         0         0         0         0         0         0         0         0         0         0
         0         0         0         0         0         0         0         0         0         0         0         0         0         0         0         0         0         0         0         0         0         0         0     357.2         0         0         0         0         0         0         0         0         0         0         0         0         0    0.1481         0         0     0.107         0         0         0         0         0         0         0         0         0         0         0
         0         0         0         0         0         0         0         0         0         0         0         0         0         0         0         0         0         0         0         0         0         0         0    0.1259         0         0         0         0         0         0         0         0         0         0         0         0         0         0         0     16.37         0         0         0         0         0         0         0         0         0         0         0         0
         0         0         0         0         0         0         0     36.84         0         0         0         0     683.5         0         0         0         0         0         0         0         0         0         0         0         0         0         0         0         0         0         0         0         0         0         0         0         0         0         0   0.02923         0         0         0         0         0         0         0         0         0         0         0         0
         0         0         0         0         0         0         0         0         0         0         0         0         0     683.5         0         0         0         0         0         0         0         0         0         0         0         0         0         0         0         0         0         0         0         0         0         0         0         0         0   0.02923         0         0         0         0         0         0         0         0         0         0         0         0
         0         0         0         0         0 0.0005952         0         0         0         0         0         0 0.0005952 0.0005952         0         0     36.84   0.05594         0         0         0         0         0         0         0         0         0         0         0         0 0.0008234         0         0         0     134.9         0         0         0         0         0         0         0         0         0         0         0         0         0         0         0         0         0
         0         0         0         0         0         0         0         0         0         0         0         0         0         0         0         0         0         0         0         0         0         0         0         0         0         0         0         0         0         0         0     10.06         0         0         0         0         0         0         0         0         0         0      4.47         0         0         0         0         0         0         0         0         0
         0         0         0         0         0         0         0         0         0         0         0         0         0         0         0         0         0         0         0         0         0         0         0         0         0         0         0         0 0.0008234         0         0         0         0         0         0         0         0         0         0         0         0         0         0 3.414e-07         0         0         0         0         0         0         0         0
         0         0         0         0         0         0         0     494.1         0         0         0         0         0         0         0         0   0.05594         0         0         0         0         0         0         0         0         0         0         0         0     11.83         0         0         0         0         0         0         0         0         0         0         0         0         0         0         0         0         0         0         0         0         0         0
         0         0         0         0         0 4.438e-05 4.438e-05         0     59.94         0         0         0         0         0         0         0         0         0         0         0         0         0         0         0         0         0         0         0         0         0         0         0         0         0         0         0         0         0         0         0   0.01528         0         0         0         0         0         0         0         0         0         0         0
         0     134.9         0         0         0         0         0         0         0         0         0         0         0         0         0         0         0         0         0         0         0         0         0         0         0         0         0         0         0         0         0         0         0         0         0         0         0   0.03438         0         0         0         0         0         0         0         0         0         0         0         0         0         0
         0         0         0         0         0 0.0005952         0         0   0.01528         0         0         0         0         0         0   0.05594     134.9         0         0         0         0         0   0.05594     357.2         0         0         0         0     494.1         0         0         0         0         0         0         0     357.2         0         0   0.05594         0         0         0         0         0         0         0         0  6.14e-05         0         0         0
         0         0         0         0     134.9         0         0         0         0         0         0         0         0         0         0         0         0         0         0         0         0         0         0         0         0         0         0         0         0         0         0         0         0         0         0         0         0         0         0         0   0.03438         0         0         0         0         0         0         0         0         0         0         0
         0         0         0         0         0         0         0         0         0         0         0         0         0         0         0         0         0         0         0         0         0         0         0         0         0         0         0         0         0         0         0         0         0         0     494.1         0         0         0     0.107         0         0         0         0         0         0         0         0         0         0  6.14e-05         0         0
         0         0         0         0         0         0         0         0         0         0         0         0         0         0         0         0         0         0   0.02113         0         0   0.02113         0         0     2.747         0         0         0         0         0         0         0         0   0.05594         0         0         0         0         0         0      4.47         0         0         0         0         0         0         0         0         0         0         0
         0         0         0         0         0         0         0         0         0         0         0         0         0         0         0         0         0         0         0         0         0         0         0         0         0         0         0         0         0         0         0         0         0         0         0         0    0.1259         0         0     258.2         0         0         0         0 0.0009685         0         0         0         0         0         0         0
         0         0         0         0         0         0         0         0         0         0         0         0         0         0         0         0         0         0         0         0         0         0         0         0         0     357.2    0.5423    0.5423         0         0         0         0         0         0    0.1259         0         0         0     357.2         0         0         0         0         0         0         0         0         0         0         0         0         0
         0         0   0.05594         0         0   0.01797         0         0         0         0         0         0         0         0   0.07738         0         0         0         0         0         0   0.03438         0         0     3.231         0         0         0         0         0         0         0   0.07738         0         0   0.05594         0     7.273         0         0         0   0.01797   0.05594         0         0         0         0         0         0         0         0         0
         0         0         0         0         0         0     134.9         0         0         0         0         0         0         0         0         0         0         0         0         0         0         0         0         0         0         0         0         0         0         0         0         0         0         0         0         0         0         0         0         0   0.03438         0         0         0         0         0         0         0         0         0         0         0
         0         0         0         0         0         0         0         0         0         0         0         0         0         0         0         0         0         0         0         0         0         0         0         0         0         0         0         0         0     258.2         0         0         0         0         0         0         0         0         0         0     0.392         0         0         0         0         0         0         0         0         0         0         0
         0         0         0         0         0         0         0         0         0         0         0         0         0         0         0         0         0  0.002564         0  0.002564         0         0         0         0         0         0         0         0         0         0  0.002564         0         0         0         0         0         0         0         0         0         0         0         0         0         0 8.761e-06         0         0         0         0         0         0
         0         0         0         0         0         0         0         0         0         0         0         0         0         0         0         0         0         0         0         0         0         0         0         0         0         0         0         0         0         0         0         0         0         0         0         0         0         0     581.1         0         0         0         0         0         0         0         0         0         0         0         0  1.25e-06
         0         0         0         0         0         0         0         0         0         0         0         0  0.004171  0.004171         0         0         0         0         0         0         0         0         0         0         0         0         0         0         0         0         0         0         0         0         0         0         0         0         0         0         0         0         0   0.02485         0         0  0.004171  0.004171  6.14e-05         0     22.64         0
         0         0         0         0         0         0         0         0         0         0         0         0     0.107         0         0         0         0         0         0         0         0         0         0         0         0         0         0         0         0         0         0         0         0         0         0         0         0         0         0         0         0         0         0         0         0  0.004906         0         0         0         0         0         0
         0         0         0         0         0         0         0         0         0         0         0         0         0     0.107         0         0         0         0         0         0         0         0         0         0         0         0         0         0         0         0         0         0         0         0         0         0         0         0         0         0         0         0         0         0         0  0.004906         0         0         0         0         0         0
         0         0         0         0         0         0         0         0         0         0         0         0         0         0         0         0         0         0         0         0         0         0         0         0         0         0         0         0         0         0         0         0         0         0     803.9         0         0         0         0         0         0         0         0         0         0 0.0001382         0         0         0         0         0         0
         0         0         0         0         0         0         0         0         0         0         0         0         0         0         0         0         0         0         0         0         0         0         0         0         0         0         0         0         0         0         0         0         0         0         0         0     803.9         0         0         0         0         0         0         0         0         0         0         0         0         0 0.0001382         0
         0         0         0         0         0         0         0         0         0         0         0         0         0         0         0         0         0         0         0         0         0         0         0         0         0         0         0         0         0         0         0         0         0         0         0         0         0         0         0         0         0         0         0         0         0     494.1         0         0         0 0.0009685         0   0.02113
         0         0         0         0         0         0         0         0         0         0         0         0         0         0         0         0         0         0         0         0         0         0         0         0         0         0         0         0         0         0         0         0         0         0         0         0         0         0         0         0         0         0         0         0  0.002564         0         0         0         0         0    0.3333         0
