         0     97.53         0         0     59.94         0         0    0.3333         0         0         0         0         0         0  1.29e-07         0         0         0 9.323e-08         0         0         0         0         0         0         0         0         0
     97.53         0         0         0         0     59.94         0         0         0         0         0         0         0         0         0         0         0         0         0         0         0         0         0         0         0         0         0         0
         0         0         0     97.53   0.01528         0   0.01104     6.183         0         0         0         0         0         0         0         0         0         0         0         0         0         0         0 2.794e-11         0         0         0         0
         0         0     97.53         0         0         0   0.01104         0         0         0         0         0         0         0         0         0         0         0         0         0         0         0         0         0         0 2.794e-11         0         0
     219.5         0   0.05594         0         0     97.53         0     0.392     0.392     1.436         0   0.05594         0         0         0         0         0         0         0         0         0         0         0         0         0         0         0         0
         0     219.5         0         0     97.53         0         0         0         0         0         0         0         0         0         0         0         0         0         0         0         0         0         0         0         0         0         0         0
         0         0    0.2049    0.2049         0         0         0    0.2049         0         0         0         0         0    0.1259         0         0         0         0         0         0 0.0009685 0.0003658         0         0         0         0         0         0
     19.25         0     357.2         0     6.183         0    0.6378         0     357.2         0         0         0         0         0         0         0         0         0         0         0         0         0 2.233e-09         0         0         0         0         0
         0         0         0         0     11.83         0         0     683.5         0         0         0         0         0         0         0         0         0         0         0         0         0         0         0         0         0         0         0         0
         0         0         0         0     803.9         0         0         0         0         0         0         0         0         0         0     10.06 0.0001912         0         0 0.0001382         0         0         0         0         0         0         0         0
         0         0         0         0         0         0         0         0         0         0         0         0         0    0.1742         0     50.97         0         0         0         0         0         0         0         0         0         0         0         0
         0         0         0         0     803.9         0         0         0         0         0         0         0         0         0         0     258.2         0         0         0         0         0         0 1.063e-06         0         0         0         0         0
         0         0         0         0         0         0         0         0         0         0         0         0         0         0      4.47         0         0     16.37         0         0         0         0         0         0         0         0         0         0
         0         0         0         0         0         0     683.5         0         0         0     1.689         0         0         0         0         0         0         0         0         0         0         0         0         0         0         0         0         0
   0.01528         0         0         0         0         0         0         0         0         0         0         0     7.273         0         0         0     3.231         0     16.37         0         0         0         0         0         0         0         0         0
         0         0         0         0         0         0         0         0         0     803.9     803.9     803.9         0         0         0         0         0         0         0         0         0         0         0 1.063e-06         0         0         0         0
         0         0         0         0         0         0         0         0         0   0.01528         0         0         0         0      4.47         0         0         0         0     16.37         0         0         0         0         0         0         0         0
         0         0         0         0         0         0         0         0         0         0         0         0     494.1         0         0         0         0         0      4.47         0         0         0         0         0         0         0         0         0
    0.3333         0         0         0         0         0         0         0         0         0         0         0         0         0     494.1         0         0     7.273         0     3.231         0         0         0         0         0         0         0         0
         0         0         0         0         0         0         0         0         0    0.3333         0         0         0         0         0         0     494.1         0      4.47         0         0         0         0         0         0         0         0         0
         0         0         0         0         0         0     581.1         0         0         0         0         0         0         0         0         0         0         0         0         0         0         0         0         0         0         0         0  1.25e-06
         0         0         0         0         0         0     581.1         0         0         0         0         0         0         0         0         0         0         0         0         0         0         0         0         0         0         0         0  1.25e-06
         0         0         0         0         0         0         0  0.001853         0         0         0 0.0009685         0         0         0         0         0         0         0         0         0         0         0     258.2         0         0         0         0
         0         0  0.004171         0         0         0         0         0         0         0         0         0         0         0         0 0.0009685         0         0         0         0         0         0     803.9         0         0     16.37     26.63         0
         0         0         0         0         0         0         0         0         0         0         0         0         0         0         0         0         0         0         0         0         0         0         0         0         0     186.6         0   0.01104
         0         0         0   0.02485         0         0         0         0         0         0         0         0         0         0         0         0         0         0         0         0         0         0         0     97.53     581.1         0         0         0
         0         0         0         0         0         0         0         0         0         0         0         0         0         0         0         0         0         0         0         0         0         0         0     357.2         0         0         0   0.07738
         0         0         0         0         0         0         0         0         0         0         0         0         0         0         0         0         0         0         0         0  0.002564 0.0009685         0         0    0.8823         0    0.8823         0
