         0     97.53         0         0   0.06579         0         0         0         0         0   0.06579         0         0         0 8.761e-06         0         0         0         0
     97.53         0      4.47         0         0   0.00577   0.00577   0.06579         0         0         0   0.06579         0         0 8.761e-06         0         0         0         0
         0     59.94         0     59.94         0         0         0         0         0         0         0         0         0         0         0         0         0         0         0
         0         0     134.9         0         0         0         0         0         0         0         0         0         0 0.0003658         0         0         0         0         0
     11.83         0         0         0         0     1.038     1.038         0     1.038         0         0         0         0         0         0         0         0         0         0
         0     1.986         0         0     1.986         0     7.273         0     59.94         0         0         0         0         0         0         0         0         0         0
         0     5.257         0         0     5.257     19.25         0         0     19.25     19.25         0         0         0         0         0   0.02485         0         0         0
         0     82.92         0         0         0         0         0         0     7.273         0         0         0         0         0         0         0         0         0         0
         0         0         0         0     8.554     258.2     31.32     8.554         0     258.2         0         0         0         0    0.1481         0         0         0         0
         0         0         0         0         0         0     50.97         0     420.1         0         0         0         0         0         0         0         0         0         0
     803.9         0         0         0         0         0         0         0         0         0         0         0         0         0         0         0 1.063e-06         0         0
         0     803.9         0         0         0         0         0         0         0         0         0         0         0         0         0         0         0 1.063e-06         0
         0         0         0         0         0         0         0         0         0         0         0         0         0      4.47         0         0         0         0         0
         0         0         0    0.5423         0         0         0         0         0         0         0         0     7.273         0     3.231         0         0         0         0
    0.5423    0.5423         0         0         0         0         0         0     6.183         0         0         0         0      4.47         0         0         0         0         0
         0         0         0         0         0         0     219.5         0         0         0         0         0         0         0         0         0         0         0  1.25e-06
         0         0         0         0         0         0         0         0         0         0 0.0009685         0         0         0         0         0         0     97.53  0.001576
         0         0         0         0         0         0         0         0         0         0         0 0.0009685         0         0         0         0     97.53         0  0.001576
         0         0         0         0         0         0         0         0         0         0         0         0         0         0         0  0.002564     2.336     2.336         0
