         0     97.53         0         0         0         0         0     0.392         0         0         0   0.04044         0         0         0         0         0         0         0         0         0         0         0         0         0         0         0         0         0         0         0         0         0         0         0
     97.53         0         0         0    0.2834         0  0.001139         0         0         0         0         0         0         0         0 0.0002645         0         0         0         0         0         0         0         0         0         0         0         0         0         0         0         0         0         0         0
         0         0         0     97.53         0 7.222e-05         0         0         0         0   0.02923         0         0         0 9.323e-08         0         0         0         0         0         0         0 7.926e-08         0         0         0         0         0         0         0 1.665e-10         0         0         0         0
         0         0     97.53         0         0 7.222e-05         0         0   0.02923         0   0.02923         0         0         0 9.323e-08         0         0         0         0 0.0008234         0         0         0         0         0         0         0         0         0         0         0         0 1.281e-12         0         0
         0     219.5         0         0         0         0         0         0     36.84         0         0         0         0         0         0         0         0         0         0         0         0         0         0         0         0         0         0         0         0         0         0         0         0         0         0
         0         0 0.0005952 0.0005952         0         0         0         0  0.002564     219.5   0.05594         0         0         0         0         0 0.0005952         0         0         0         0         0         0         0         0         0         0         0         0  6.14e-05         0         0         0         0         0
         0     2.336         0         0         0         0         0         0     3.231         0         0         0         0 3.209e-05         0         0         0         0         0         0         0         0         0         0         0         0         0         0         0         0         0         0         0         0         0
     803.9         0         0         0         0         0         0         0         0         0         0         0         0         0         0         0         0         0         0         0         0         0         0         0         0         0 4.407e-10         0         0         0         0         0         0         0         0
         0         0         0     0.392     134.9  0.004171      4.47         0         0         0     0.392         0         0         0 3.209e-05         0         0         0         0         0         0         0         0         0         0         0         0         0 3.186e-10         0         0         0         0         0         0
         0         0         0         0         0     357.2         0         0         0         0         0         0         0         0    0.1481         0         0         0         0         0         0         0         0         0         0         0         0         0         0         0         0         0         0         0         0
         0         0    0.5423    0.5423         0    0.1259         0         0    0.5423         0         0         0         0         0         0         0         0         0         0         0    0.1259         0         0         0         0 0.0009685         0         0         0         0         0         0         0         0         0
     258.2         0         0         0         0         0         0         0         0         0         0         0         0         0         0         0         0         0         0         0         0         0         0 5.025e-09         0         0         0         0         0         0         0         0         0         0         0
         0         0         0         0         0         0         0         0         0         0         0         0         0      4.47         0         0         0         0         0         0         0         0         0         0         0         0         0         0         0         0         0         0         0         0         0
         0         0         0         0         0         0   0.00134         0         0         0         0         0     7.273         0     3.231   0.00134         0         0         0         0         0         0         0         0         0         0         0         0         0         0         0         0         0         0         0
         0         0  5.22e-05  5.22e-05         0         0         0         0   0.00134     6.183         0         0         0      4.47         0         0         0         0   0.02113  5.22e-05         0         0         0         0         0         0         0         0         0         0         0 8.176e-09         0         0         0
         0     134.9         0         0         0         0         0         0         0         0         0         0         0  0.007982         0         0         0         0         0         0         0         0         0         0         0         0         0         0         0         0         0         0         0         0         0
         0         0         0         0         0    0.1742         0         0         0         0         0         0         0         0         0         0         0         0         0         0         0     11.83         0         0         0         0         0         0         0         0         0         0         0         0         0
         0         0         0         0         0         0         0         0         0         0         0         0         0         0         0         0         0         0     219.5         0     16.37         0         0         0         0         0         0         0         0         0         0         0         0         0         0
         0         0         0         0         0         0         0         0         0         0         0         0         0         0    0.1481         0         0     357.2         0         0         0         0         0         0         0         0         0         0         0         0         0         0         0         0         0
         0         0         0     10.06         0         0         0         0         0         0         0         0         0         0  0.001139         0         0         0         0         0         0         0         0         0         0         0         0         0         0         0         0         0         0         0         0
         0         0         0         0         0         0         0         0         0         0     683.5         0         0         0         0         0         0     683.5         0         0         0         0         0         0         0         0         0         0         0         0         0         0         0         0         0
         0         0         0         0         0         0         0         0         0         0         0         0         0         0         0         0     803.9         0         0         0         0         0         0         0         0         0         0         0         0         0 1.063e-06         0         0         0         0
         0         0    0.1259         0         0         0         0         0         0         0         0         0         0         0         0         0         0         0         0         0         0         0         0         0         0         0         0         0         0     11.83         0         0         0         0         0
         0         0         0         0         0         0         0         0         0         0         0 0.0004303         0         0         0         0         0         0         0         0         0         0         0         0         0         0     16.37         0         0         0         0         0         0         0         0
         0         0         0         0         0         0         0         0         0         0         0         0         0         0         0         0         0         0         0         0         0         0         0         0         0         0         0         0         0         0     16.37         0         0         0         0
         0         0         0         0         0         0         0         0         0         0     581.1         0         0         0         0         0         0         0         0         0         0         0         0         0         0         0         0         0         0         0         0         0         0         0  1.25e-06
         0         0         0         0         0         0         0 0.0009685         0         0         0         0         0         0         0         0         0         0         0         0         0         0         0     134.9         0         0         0     420.1         0         0         0         0         0         0         0
         0         0         0         0         0         0         0         0         0         0         0         0         0         0         0         0         0         0         0         0         0         0         0         0         0         0     945.5         0         0         0     258.2         0         0         0         0
         0         0         0         0         0         0         0         0  0.002564         0         0         0         0         0         0         0         0         0         0         0         0         0         0         0         0         0         0         0         0         0         0         0         0         0   0.01104
         0         0         0         0         0     803.9         0         0         0         0         0         0         0         0         0         0         0         0         0         0         0         0     803.9         0         0         0         0         0         0         0         0         0 0.0001382         0         0
         0         0   0.02485         0         0         0         0         0         0         0         0         0         0         0         0         0         0         0         0         0         0 0.0009685         0         0     581.1         0         0     803.9         0         0         0         0 0.0001912      70.5         0
         0         0         0         0         0         0         0         0         0         0         0         0         0         0  0.002564         0         0         0         0         0         0         0         0         0         0         0         0         0         0         0         0         0    0.4611         0         0
         0         0         0 0.0009685         0         0         0         0         0         0         0         0         0         0         0         0         0         0         0         0         0         0         0         0         0         0         0         0         0 0.0009685 0.0009685     1.986         0         0   0.01104
         0         0         0         0         0         0         0         0         0         0         0         0         0         0         0         0         0         0         0         0         0         0         0         0         0         0         0         0         0         0     357.2         0         0         0   0.07738
         0         0         0         0         0         0         0         0         0         0         0         0         0         0         0         0         0         0         0         0         0         0         0         0         0  0.002564         0         0     2.336         0         0         0    0.3333     2.336         0
