         0     3.231    0.2834         0         0         0 0.0002645         0         0         0         0         0         0         0         0         0         0
      4.47         0         0  0.001853  0.001853         0         0 0.0002645         0     0.392         0         0  0.001853         0         0         0         0
      4.47         0         0         0         0   0.00577         0         0         0         0         0         0         0         0         0         0         0
         0   0.05594         0         0     219.5         0         0         0         0         0         0     7.273         0         0  6.14e-05         0 1.056e-11
         0   0.06579         0     258.2         0         0         0    0.1481    0.1481         0     0.107         0         0         0         0         0         0
         0         0    0.3333         0         0         0      4.47         0         0         0         0         0         0         0         0         0         0
     0.392         0         0         0         0     7.273         0     3.231         0         0         0         0         0         0         0         0         0
         0     0.392         0         0     6.183         0      4.47         0         0         0         0         0         0  5.91e-09         0 8.176e-09         0
         0         0         0         0     7.273         0         0         0         0         0         0         0         0         0         0 9.617e-09         0
         0     803.9         0         0         0         0         0         0         0         0         0         0         0 1.063e-06         0         0         0
         0         0         0         0     7.273         0         0         0         0         0         0         0         0         0         0 9.617e-09         0
         0         0         0     945.5         0         0         0         0         0         0         0         0     7.273         0         0         0         0
         0     803.9         0         0         0         0         0         0         0         0         0     803.9         0 1.063e-06         0         0         0
         0         0         0         0         0         0         0 7.449e-06         0 0.0009685         0         0 4.578e-06         0         0   0.00134  0.001576
         0         0         0     803.9         0         0         0         0         0         0         0         0         0         0         0         0 0.0001382
         0         0         0         0         0         0         0  0.002564  0.002564         0  0.001853         0         0    0.3333         0         0    0.3333
         0         0         0 0.0009685         0         0         0         0         0         0         0         0         0     2.336 0.0009685     1.986         0
