         0     97.53         0         0         0    0.6378         0         0         0         0         0         0         0         0         0         0         0         0         0         0         0         0         0         0         0         0         0 4.723e-07  1.73e-06         0         0         0         0         0         0         0         0         0         0         0         0         0         0         0         0         0         0         0         0         0         0         0
     97.53         0   0.01797         0    0.6378         0         0         0         0         0         0         0 6.334e-06         0 4.723e-07 3.774e-05         0         0         0 4.723e-07         0 3.774e-05         0 4.723e-07 4.723e-07         0         0 4.723e-07  1.73e-06         0         0         0         0         0         0         0         0         0         0         0         0         0         0         0 0.0002248         0         0         0         0         0         0         0
         0   0.02113         0      70.5   0.02113         0         0   0.06579         0    0.2834         0         0   0.02113         0 6.739e-08         0         0   0.02113         0         0         0         0         0         0         0         0         0         0         0   0.06579         0         0         0         0         0         0         0         0         0         0         0         0         0         0         0         0         0         0         0         0         0         0
         0         0     258.2         0         0         0         0         0         0         0         0         0         0         0         0         0         0         0         0         0         0    0.2049         0         0         0         0         0         0         0         0         0         0         0         0         0         0         0         0         0         0         0         0         0         0         0         0         0         0         0         0         0         0
         0      4.47    0.1259         0         0     97.53         0     1.689      4.47  0.007982         0         0         0         0         0         0         0         0         0   0.04756         0         0         0         0         0         0         0         0  1.25e-06         0         0         0         0         0         0         0         0         0         0         0         0         0         0         0         0         0         0         0         0         0         0         0
      4.47         0         0         0     97.53         0     1.689         0         0         0         0         0         0         0         0         0         0         0         0         0         0         0         0         0         0         0 3.633e-09         0  1.25e-06         0         0         0         0         0         0         0         0         0         0         0         0         0         0         0         0         0         0         0         0         0         0         0
         0         0         0         0         0     1.986         0     97.53         0         0         0         0         0         0         0         0         0         0         0         0  5.91e-09         0         0         0         0         0 3.633e-09         0         0         0 3.633e-09 3.633e-09         0         0         0         0         0         0         0         0 7.926e-08         0         0         0         0         0 2.903e-07         0         0         0         0         0
         0         0    0.4611         0     1.986         0     97.53         0         0         0         0         0     1.986         0         0         0         0     1.986         0         0 2.098e-07         0         0         0         0         0         0 2.098e-07         0         0 2.994e-08  1.84e-08         0         0         0         0         0         0         0         0 7.926e-08         0         0         0         0  0.001139         0         0         0         0         0         0
         0         0         0         0     7.273         0         0         0         0         0         0         0         0         0         0         0         0     11.83         0         0         0         0         0         0         0         0         0         0         0         0         0         0         0         0         0         0         0         0         0         0         0         0         0         0         0         0         0         0         0         0         0         0
         0         0      4.47         0   0.02113         0         0         0         0         0      4.47         0         0         0         0    0.3333         0         0         0         0 4.723e-07         0         0         0         0         0         0         0         0         0         0         0         0         0         0         0         0         0         0         0         0         0         0         0         0         0 4.142e-08         0         0         0         0         0
         0         0         0         0         0         0         0         0         0     7.273         0         0         0      70.5         0         0         0         0         0         0         0         0         0         0         0         0         0         0         0         0         0         0         0         0         0         0         0         0         0         0         0         0         0         0         0         0         0         0         0         0         0         0
         0         0         0         0         0         0         0         0         0         0         0         0         0         0   0.01528         0         0         0         0         0         0         0         0         0   0.01528         0         0         0         0         0         0         0         0         0         0         0         0         0         0         0         0         0         0         0         0         0         0         0         0         0         0         0
         0 0.0002645    0.7502         0         0         0         0     10.06         0         0         0         0         0         0 2.393e-06         0         0         0         0    0.2834         0  0.001139         0     0.392         0         0         0 2.903e-07 1.426e-05         0 5.555e-07 5.555e-07         0         0         0         0         0         0         0     0.392         0         0         0         0         0         0 5.555e-07         0         0         0         0         0
         0         0         0         0         0         0         0         0         0         0     258.2         0         0         0         0         0         0         0         0         0         0     1.221         0         0         0         0         0         0         0         0         0         0         0         0         0         0         0         0         0         0         0         0         0         0         0         0         0         0         0         0         0         0
         0 0.0001625 1.972e-05         0         0         0         0         0         0         0         0    0.1481 1.972e-05         0         0         0         0         0         0         0         0 6.334e-06         0         0     1.038         0     1.986     13.92         0         0         0         0         0         0         0         0 5.385e-06         0         0         0         0         0         0         0         0         0         0         0         0         0         0         0
         0   0.01797         0         0         0         0         0         0         0     8.554         0         0         0         0         0         0      4.47         0         0   0.02113         0      4.47         0         0  1.73e-06         0         0         0         0         0         0         0         0         0         0         0         0         0         0         0         0         0         0         0         0         0         0         0         0 5.025e-09         0         0
         0         0         0         0         0         0         0         0         0         0         0         0         0         0         0     5.257         0         0         0         0         0     7.273         0   0.01299         0 0.0005061         0         0         0         0         0         0         0         0         0         0         0         0         0         0         0         0         0         0         0         0         0         0         0  5.91e-09         0         0
         0         0     10.06         0         0         0         0     134.9     581.1         0         0         0         0         0         0         0         0         0         0         0         0         0         0         0         0         0 5.385e-06         0         0         0         0         0         0         0         0         0         0         0         0         0         0         0         0         0         0         0         0         0         0         0         0         0
         0         0         0         0         0         0         0         0         0         0         0         0         0         0         0         0         0         0         0         0         0         0         0     357.2         0         0         0         0         0         0         0         0         0         0         0         0         0         0         0         0         0         0         0         0         0         0         0         0         0         0         0         0
         0  0.000311         0         0      4.47         0         0         0         0         0         0         0      4.47         0         0   0.02923         0         0         0         0         0   0.01797 1.426e-05      4.47 8.761e-06         0         0         0 0.0002248         0         0         0         0         0         0         0 0.0002248         0         0      4.47         0         0         0         0         0         0         0         0         0         0         0         0
         0         0         0         0         0         0 5.555e-07 1.972e-05         0 1.972e-05         0         0         0         0         0         0         0         0         0         0         0         0     158.7         0         0         0   0.09102         0         0         0   0.01797   0.02113         0         0         0         0         0         0         0         0         0         0         0         0         0         0         0         0         0         0         0         0
         0   0.02923         0     36.84         0         0         0         0         0         0         0         0   0.02113     8.554 1.426e-05     7.273     10.06         0         0   0.02113         0         0         0         0         0         0 3.774e-05 3.774e-05         0         0         0         0         0         0         0         0         0         0         0         0         0         0         0         0         0         0         0         0         0 8.176e-09         0         0
         0         0         0         0         0         0         0         0         0         0         0         0         0         0         0         0         0         0         0 1.972e-05     186.6         0         0         0   0.07738 1.972e-05         0         0         0         0         0         0         0 1.972e-05         0         0  0.001853 1.972e-05         0         0 1.972e-05         0         0         0         0         0         0         0         0         0         0         0
         0 0.0005952         0         0         0         0         0         0         0         0         0         0     11.83         0         0         0   0.02923         0     683.5     8.554         0         0         0         0         0 0.0004303         0         0         0         0         0         0         0    0.1742         0    0.1742         0         0         0     11.83         0         0         0         0         0         0         0    0.1742         0         0         0         0
         0 0.0007001         0         0         0         0         0         0         0         0         0    0.6378         0         0      4.47 5.385e-06         0         0         0 1.972e-05         0         0    0.1259         0         0 2.319e-05         0         0  0.006787         0         0         0         0         0         0         0 2.319e-05 2.319e-05 1.426e-05         0         0         0         0         0         0         0         0         0         0         0         0         0
         0         0         0         0         0         0         0         0         0         0         0         0         0         0         0         0  0.001853         0         0         0         0         0 4.438e-05 0.0007001 3.209e-05         0         0         0   0.02113         0         0         0   0.01797 0.0007001         0         0   0.02113   0.02113   0.02113         0         0         0         0         0         0         0         0         0         0         0         0         0
         0         0         0         0         0 1.063e-06 9.038e-07         0         0         0         0         0         0         0     11.83         0         0 1.972e-05         0         0    0.2409  9.99e-05         0         0         0         0         0     11.83         0         0     59.94     219.5         0         0         0         0         0         0         0         0         0         0         0         0         0         0         0         0         0         0         0         0
   0.00134   0.00134         0         0         0         0         0 7.222e-05         0         0         0         0 1.972e-05         0     114.7         0         0         0         0         0         0 0.0001382         0         0         0         0     16.37         0   0.01299         0         0         0         0         0         0         0 0.0001625         0         0         0         0         0         0         0         0         0         0         0         0         0         0         0
   0.00577   0.00577         0         0 0.0005952 0.0005952         0         0         0         0         0         0  0.001139         0         0         0         0         0         0  0.001139         0         0         0         0   0.01528   0.03438         0   0.01528         0         0         0         0         0         0         0         0    0.4611    0.2049    0.1481         0         0         0         0         0         0         0         0         0         0         0         0         0
         0         0     219.5         0         0         0         0         0         0         0         0         0         0         0         0         0         0         0         0         0         0         0         0         0         0         0         0         0         0         0 1.426e-05 5.385e-06         0         0         0         0         0         0         0         0         0         0         0         0         0         0         0         0         0         0         0         0
         0         0         0         0         0         0 2.393e-06 1.972e-05         0         0         0         0 7.222e-05         0         0         0         0         0         0         0    0.1259         0         0         0         0         0     158.7         0         0 1.972e-05         0     158.7         0         0         0         0         0         0         0         0         0         0         0         0         0         0         0         0         0         0         0         0
         0         0         0         0         0         0 3.893e-06 1.972e-05         0         0         0         0 0.0001175         0         0         0         0         0         0         0    0.2409         0         0         0         0         0     945.5         0         0 1.212e-05     258.2         0         0         0         0         0         0         0         0         0         0         0         0         0         0         0  0.001576         0         0         0         0         0
         0         0         0         0         0         0         0         0         0         0         0         0         0         0         0         0         0         0         0         0         0         0         0         0         0     0.107         0         0         0         0         0         0         0     158.7     219.5         0     0.107     0.107         0         0         0    0.3333         0     1.221         0         0         0         0         0         0         0         0
         0         0         0         0         0         0         0         0         0         0         0         0         0         0         0         0         0         0         0         0         0         0  0.000311     1.986         0  0.004906         0         0         0         0         0         0     186.6         0     186.6     7.273  0.004906   0.01299         0         0         0         0         0         0         0         0         0         0         0         0         0         0
         0         0         0         0         0         0         0         0         0         0         0         0         0         0         0         0         0         0         0         0         0         0         0         0         0         0         0         0         0         0         0         0     494.1     357.2         0     13.92         0         0         0         0         0    0.7502         0         0         0         0         0         0         0         0         0         0
         0         0         0         0         0         0         0         0         0         0         0         0         0         0         0         0         0         0         0         0         0         0         0     5.257         0         0         0         0         0         0         0         0         0     19.25     19.25         0         0   0.01299         0         0         0         0     19.25         0         0         0         0         0         0         0   0.02485         0
         0         0         0         0         0         0         0         0         0         0         0         0         0         0 0.0007001         0         0         0         0   0.01528         0         0   0.09102         0 0.0007001    0.4611         0  0.002564     6.183         0         0         0     0.392   0.01528         0         0         0     2.747     1.986         0         0   0.05594         0         0         0         0         0         0         0         0         0         0
         0         0         0         0         0         0         0         0         0         0         0         0         0         0         0         0         0         0         0         0         0         0   0.00134         0 0.0009685    0.6378         0         0       3.8         0         0         0    0.5423   0.05594         0   0.02113       3.8         0     22.64         0     219.5         0         0         0         0         0         0         0         0         0         0         0
         0         0         0         0         0         0         0         0         0         0         0         0         0         0         0         0         0         0         0         0         0         0         0         0 0.0007001    0.7502         0         0     3.231         0         0         0         0         0         0         0     3.231     26.63         0         0         0         0         0   0.05594         0         0         0         0         0         0         0         0
         0         0         0         0         0         0         0         0         0         0         0         0     803.9         0         0         0         0         0         0     581.1         0         0         0     803.9         0         0         0         0         0         0         0         0         0         0         0         0         0         0         0         0         0         0         0         0   0.04044         0         0         0 1.063e-06         0         0         0
         0         0         0         0         0         0 0.0009685 0.0009685         0         0         0         0         0         0         0         0         0         0         0         0         0         0   0.00218         0         0         0         0         0         0         0         0         0         0         0         0         0         0     357.2         0         0         0         0         0         0         0         0    0.1481         0         0         0         0         0
         0         0         0         0         0         0         0         0         0         0         0         0         0         0         0         0         0         0         0         0         0         0         0         0         0         0         0         0         0         0         0         0     2.747         0     2.747         0    0.1259         0         0         0         0         0         0     1.986         0         0         0         0         0         0         0         0
         0         0         0         0         0         0         0         0         0         0         0         0         0         0         0         0         0         0         0         0         0         0         0         0         0         0         0         0         0         0         0         0         0         0         0     50.97         0         0         0         0         0         0         0         0         0         0         0     13.92         0         0         0         0
         0         0         0         0         0         0         0         0         0         0         0         0         0         0         0         0         0         0         0         0         0         0         0         0         0         0         0         0         0         0         0         0     16.37         0         0         0         0         0    0.1259         0         0     3.231         0         0         0         0         0         0         0         0         0         0
         0     59.94         0         0         0         0         0         0         0         0         0         0         0         0         0         0         0         0         0         0         0         0         0         0         0         0         0         0         0         0         0         0         0         0         0         0         0         0         0    0.1259         0         0         0         0         0         0         0         0         0         0         0         0
         0         0         0         0         0         0         0     134.9         0         0         0         0         0         0         0         0         0         0         0         0         0         0         0         0         0         0         0         0         0         0         0         0         0         0         0         0         0         0         0         0         0         0         0         0         0         0   0.03438         0         0         0         0         0
         0         0         0         0         0         0   0.06579         0         0  0.004171         0         0   0.02485         0         0         0         0         0         0         0         0         0         0         0         0         0         0         0         0         0         0    0.3333         0         0         0         0         0         0         0         0     2.747         0         0         0         0   0.06579         0         0         0         0         0         0
         0         0         0         0         0         0         0         0         0         0         0         0         0         0         0         0         0         0         0         0         0         0         0     945.5         0         0         0         0         0         0         0         0         0         0         0         0         0         0         0         0         0         0     945.5         0         0         0         0         0         0         0         0         0
         0         0         0         0         0         0         0         0         0         0         0         0         0         0         0         0         0         0         0         0         0         0         0         0         0         0         0         0         0         0         0         0         0         0         0         0         0         0         0 0.0009685         0         0         0         0         0         0         0         0         0  0.006787         0 0.0002645
         0         0         0         0         0         0         0         0         0         0         0         0         0         0         0  0.002564  0.002564         0         0         0         0  0.002564         0         0         0         0         0         0         0         0         0         0         0         0         0         0         0         0         0         0         0         0         0         0         0         0         0         0   0.02113         0         0         0
         0         0         0         0         0         0         0         0         0         0         0         0         0         0         0         0         0         0         0         0         0         0         0         0         0         0         0         0         0         0         0         0         0         0         0     219.5         0         0         0         0         0         0         0         0         0         0         0         0         0         0         0  1.25e-06
         0         0         0         0         0         0         0         0         0         0         0         0         0         0         0         0         0         0         0         0         0         0         0         0         0         0         0         0         0         0         0         0         0         0         0         0         0         0         0         0         0         0         0         0         0         0         0         0     2.336         0  0.002564         0
