         0  6.14e-05         0         0         0    0.2834         0         0         0         0         0         0 9.323e-08         0         0 3.633e-09         0         0         0         0         0         0         0         0         0         0         0         0         0         0         0         0         0         0         0         0         0         0         0         0         0         0         0         0         0         0         0
 0.0003658         0     97.53         0         0 0.0001382         0         0      4.47         0         0         0         0         0 0.0001382         0         0 2.098e-07         0         0         0         0         0         0         0         0         0         0         0         0         0         0         0         0         0         0         0         0         0         0         0         0         0         0         0         0         0
         0     97.53         0         0 0.0001382         0         0         0         0      4.47         0         0         0         0         0         0         0 4.015e-07     8.554         0         0         0         0         0         0         0         0         0         0         0         0         0         0         0         0         0         0         0         0         0         0         0         0         0         0         0         0
         0         0         0         0         0         0         0 2.164e-08         0     0.107 4.578e-06         0         0         0         0         0         0         0         0         0     0.107     1.038  0.009389         0  0.009389 3.522e-08         0         0         0         0         0         0         0         0         0 6.739e-08         0         0         0 0.0005061  0.001853 2.994e-08         0         0         0         0         0
         0         0 0.0003658         0         0     97.53         0         0         0 0.0003658         0         0         0    0.1481         0         0         0         0         0         0         0         0         0         0         0         0  1.25e-06         0         0         0         0         0         0         0         0         0 2.903e-07         0         0         0         0         0         0         0         0         0         0
      4.47 0.0003658         0         0     97.53         0         0         0 0.0003658         0         0         0         0         0    0.1481         0         0         0         0         0         0         0         0         0         0         0  1.25e-06         0         0         0         0         0         0         0         0         0 2.903e-07         0         0         0         0         0         0         0         0         0         0
         0         0         0         0         0         0         0     97.53         0         0         0         0         0         0    0.6378         0         0         0         0         0         0         0         0         0         0         0         0         0         0         0         0         0         0  1.73e-06         0         0         0         0         0         0         0         0         0         0         0         0         0
         0         0         0 3.522e-08         0         0     97.53         0         0  1.03e-05         0         0         0    0.6378         0         0         0         0         0         0         0         0 4.142e-08         0 1.096e-07         0         0         0         0         0         0         0         0  1.73e-06 3.414e-07 5.025e-09         0         0         0         0         0         0 6.533e-07         0         0         0         0
         0     31.32         0         0         0 0.0009685         0         0         0     97.53         0         0         0         0  0.001853         0         0  1.47e-06         0         0         0         0         0         0         0         0         0         0         0         0         0         0         0         0         0         0         0         0         0         0         0         0         0         0         0         0         0
         0         0     31.32     0.392 0.0009685         0         0 2.319e-05     97.53         0         0         0         0         0         0         0     3.231 2.814e-06         0         0         0         0     0.107         0    0.7502         0         0         0         0     1.986         0         0         0         0         0         0         0         0         0         0         0         0         0         0         0         0         0
         0         0         0 1.972e-05         0         0         0         0         0         0         0     303.7         0         0         0         0         0     134.9         0         0         0         0         0         0         0         0         0         0         0         0         0         0         0         0  0.004171         0         0         0         0         0         0         0         0         0         0         0         0
         0         0         0         0         0         0         0         0         0         0     303.7         0         0         0         0         0         0         0         0         0         0         0         0         0         0         0         0         0         0         0         0         0         0         0 0.0005952         0         0         0         0         0         0         0         0         0         0         0         0
  1.03e-05         0         0         0         0         0         0         0         0         0         0         0         0         0         0     13.92         0         0         0         0         0         0         0    0.2834         0         0         0         0         0         0         0         0         0         0         0         0         0         0         0         0         0         0         0         0         0         0         0
         0         0         0         0     1.221         0         0      4.47         0         0         0         0         0         0     97.53         0         0         0         0         0         0         0  0.004906         0  0.004906         0         0         0         0         0         0         0         0  1.25e-06         0         0         0         0         0         0         0         0         0         0         0         0         0
         0  0.003015         0         0         0     1.221      4.47         0   0.00577         0         0         0         0     97.53         0         0         0         0         0         0         0         0         0         0         0         0         0         0         0         0         0         0         0  1.25e-06         0         0         0         0         0         0         0         0         0         0         0         0         0
 5.555e-07         0         0         0         0         0         0         0         0         0         0         0     19.25         0         0         0         0         0         0         0         0         0         0         0         0         0         0         0         0         0         0         0         0         0         0         0         0         0         0         0         0         0         0         0         0         0         0
         0         0         0         0         0         0         0         0         0     16.37         0         0         0         0         0         0         0         0         0         0         0         0         0         0         0         0         0         0         0         0         0     8.554         0         0         0         0         0         0         0         0         0         0         0         0         0         0         0
         0  1.03e-05 1.972e-05         0         0         0         0         0  1.03e-05 1.972e-05     803.9         0         0         0         0         0         0         0         0     803.9         0         0 1.972e-05 2.728e-05         0    0.2049         0         0         0         0         0         0         0         0  0.004906         0         0    0.2049         0         0         0         0         0         0         0         0         0
         0         0     420.1         0         0         0         0         0         0         0         0         0         0         0         0         0         0         0         0         0     16.37         0         0         0         0         0         0         0         0         0         0         0         0         0         0         0         0         0         0         0         0         0         0         0         0         0         0
         0         0         0         0         0         0         0         0         0         0         0         0         0         0         0         0         0     803.9         0         0         0         0         0         0         0         0         0         0         0         0         0         0         0         0   0.01797         0         0         0         0         0         0         0         0         0         0         0         0
         0         0         0     5.257         0         0         0         0         0         0         0         0         0         0         0         0         0         0     31.32         0         0         0         0         0     10.06         0         0         0         0         0         0         0         0         0         0         0         0         0         0         0         0         0         0         0         0         0         0
         0         0         0     59.94         0         0         0         0         0         0         0         0         0         0         0         0         0         0         0         0         0         0         0         0         0         0 8.761e-06         0         0         0         0         0         0         0         0         0         0         0 1.972e-05         0         0         0         0         0         0         0         0
         0         0         0     1.436         0         0         0 3.893e-06         0      4.47         0         0         0   0.06579         0         0         0 0.0001175         0         0         0         0         0 1.972e-05      4.47         0         0         0         0         0         0         0         0 6.334e-06  1.29e-07         0         0         0 6.334e-06         0         0         0         0         0 5.025e-09         0         0
         0         0         0         0         0         0         0         0         0         0         0         0      4.47         0         0         0         0 0.0001625         0         0         0         0 1.972e-05         0         0         0         0     13.92         0         0         0         0         0         0 0.0004303         0         0         0         0         0         0         0         0         0         0         0         0
         0         0         0     1.689         0         0         0 1.212e-05         0     36.84         0         0         0   0.07738         0         0         0         0         0         0     36.84         0     5.257         0         0         0 2.728e-05         0         0         0         0         0         0 7.449e-06 1.517e-07 1.212e-05         0         0 7.449e-06 2.728e-05         0 7.449e-06 4.578e-06         0  5.91e-09         0         0
         0         0         0 1.972e-05         0         0         0         0         0         0         0         0         0         0         0         0         0      4.47         0         0         0         0         0         0         0         0         0         0         0         0         0         0         0         0     0.107         0         0     10.06 0.0001912         0         0         0         0         0         0         0         0
         0         0         0         0 0.0005952 0.0005952         0         0         0         0         0         0         0         0         0         0         0         0         0         0         0  9.99e-05         0         0  9.99e-05         0         0         0  0.003547         0  0.001576         0     219.5    0.1481         0 0.0001912         0         0 0.0009685         0         0 0.0001912         0         0         0         0         0
         0         0         0         0         0         0         0         0         0         0         0         0         0         0         0         0         0         0         0         0         0         0         0      70.5         0         0         0         0      4.47         0         0         0         0         0         0         0         0         0         0         0         0         0         0         0         0         0         0
         0         0         0         0         0         0         0         0         0         0         0         0         0         0         0         0         0         0         0         0         0         0         0         0         0         0  0.004906     5.257         0         0   0.06579         0         0  0.002564         0         0   0.01299         0         0         0         0         0         0         0         0         0         0
         0         0         0         0         0         0         0         0         0     803.9         0         0         0         0         0         0         0         0         0         0         0         0         0         0         0         0         0         0         0         0         0         0         0         0         0 0.0008234         0         0         0         0         0         0         0         0         0         0         0
         0         0         0         0         0         0         0         0         0         0         0         0         0         0         0         0         0         0         0         0         0         0         0         0         0         0  0.004171         0    0.1259         0         0         0         0         0         0         0         0         0         0         0         0 1.677e-05         0         0         0         0         0
         0         0         0         0         0         0         0         0         0         0         0         0         0         0         0         0     803.9         0         0         0         0         0         0         0         0         0         0         0         0         0         0         0         0         0         0         0         0         0 0.0005952         0         0         0         0         0         0         0         0
         0         0         0         0         0         0         0         0         0         0         0         0         0         0         0         0         0         0         0         0         0         0         0         0         0         0     683.5         0         0         0         0         0         0         0         0         0    0.1481         0         0         0         0         0         0         0         0         0         0
         0         0         0         0         0         0   0.00577   0.00577         0         0         0         0         0 0.0005952 0.0005952         0         0         0         0         0         0         0 0.0002248         0 0.0002248         0     1.221         0   0.01528         0         0         0         0         0         0         0         0         0         0         0         0         0         0         0         0         0         0
         0         0         0         0         0         0         0   0.00134         0         0     6.183    0.8823         0         0         0         0         0     1.221         0      4.47         0         0 5.385e-06   0.01797 5.385e-06     1.221         0         0         0         0         0         0         0         0         0 0.0003658         0         0 0.0002248         0         0  6.14e-05         0         0         0         0         0
         0         0         0  0.001139         0         0         0  5.22e-05         0         0         0         0         0         0         0         0         0         0         0         0         0         0         0         0  0.001139         0  0.004906         0         0  0.009389         0         0         0         0 0.0009685         0         0         0   0.02113  0.001139         0   0.02113         0         0         0         0         0
         0         0         0         0  0.007982  0.007982         0         0         0         0         0         0         0         0         0         0         0         0         0         0         0         0         0         0         0         0         0         0    0.5423         0         0         0     2.747         0         0         0         0         0         0         0         0         0         0         0         0         0         0
         0         0         0         0         0         0         0         0         0         0         0         0         0         0         0         0         0     420.1         0         0         0         0         0         0         0     945.5         0         0         0         0         0         0         0         0         0         0         0         0         0         0         0         0         0         0         0         0         0
         0         0         0         0         0         0         0         0         0         0         0         0         0         0         0         0         0         0         0         0         0   0.02923  0.003547         0  0.003547   0.02923    0.1259         0         0         0         0   0.02923         0         0  0.003015     0.107         0         0         0         0         0    0.4611         0         0         0         0         0
         0         0         0      70.5         0         0         0         0         0         0         0         0         0         0         0         0         0         0         0         0         0         0         0         0   0.02113         0         0         0         0         0         0         0         0         0         0  0.009389         0         0         0         0         0         0         0         0         0 3.414e-07         0
         0         0         0     803.9         0         0         0         0         0         0         0         0         0         0         0         0         0         0         0         0         0         0         0         0         0         0         0         0         0         0         0         0         0         0         0         0         0         0         0         0         0         0         0     6.183         0         0         0
         0         0         0   0.01797         0         0         0         0         0         0         0         0         0         0         0         0         0         0         0         0         0         0         0         0   0.02485         0    0.1742         0         0         0   0.00577         0         0         0   0.00577    0.7502         0         0     3.231         0         0         0         0         0         0         0         0
         0         0         0         0         0         0         0     1.986         0         0         0         0         0         0         0         0         0         0         0         0         0         0         0         0    0.1259         0         0         0         0         0         0         0         0         0         0         0         0         0         0         0         0         0         0         0         0         0         0
         0         0         0         0         0         0         0         0         0         0         0         0         0         0         0         0         0         0         0         0         0         0         0         0         0         0         0         0         0         0         0         0         0         0         0         0         0         0         0         0      70.5         0         0         0         0 1.212e-05         0
         0         0         0         0         0         0         0         0         0         0         0         0         0         0         0         0         0         0         0         0         0         0  0.002564         0  0.002564         0         0         0         0         0         0         0         0         0         0         0         0         0         0         0         0         0         0         0         0  0.001576 8.761e-06
         0         0         0         0         0         0         0         0         0         0         0         0         0         0         0         0         0         0         0         0         0         0         0         0         0         0         0         0         0         0         0         0         0         0         0         0         0         0         0  0.002564         0         0         0  0.002564   0.02113         0         0
         0         0         0         0         0         0         0         0         0         0         0         0         0         0         0         0         0         0         0         0         0         0         0         0         0         0         0         0         0         0         0         0         0         0         0         0         0         0         0         0         0         0         0         0     2.336         0         0
