         0     97.53         0         0     10.06         0         0         0         0         0         0         0         0         0  0.001576         0         0         0         0         0         0         0         0         0         0         0 4.723e-07         0  1.73e-06         0         0         0         0         0         0         0         0         0         0         0         0         0         0         0         0         0         0         0         0         0         0         0         0         0         0         0         0
     97.53         0    0.6378         0         0         0     10.06         0         0         0         0         0         0         0         0  0.001576         0         0         0         0         0         0         0         0         0         0         0         0  1.73e-06         0         0         0         0         0         0         0         0         0         0         0         0         0         0         0         0         0         0         0         0         0         0         0         0         0         0         0         0
         0      4.47         0         0         0      4.47         0         0         0         0         0         0         0         0         0     0.107         0         0         0         0         0         0         0         0         0         0         0         0  1.25e-06         0 2.098e-07         0         0         0         0         0         0         0         0         0         0         0         0         0         0         0         0         0         0         0         0         0         0         0         0         0         0
         0         0         0         0     11.83     97.53         0     11.83         0     7.273         0     11.83         0         0    0.1742         0         0         0         0     11.83         0         0         0         0         0         0 1.784e-07         0 2.034e-06         0         0         0         0         0         0         0         0         0         0         0         0         0 2.903e-07         0         0         0         0         0         0         0         0         0         0         0         0         0         0
     114.7         0         0     11.83         0         0         0         0         0         0         0         0         0         0         0         0         0         0         0         0         0         0         0         0         0         0         0         0         0         0         0         0         0         0         0         0         0         0         0         0         0         0         0         0         0         0         0         0         0         0         0         0         0         0         0         0         0
         0         0     7.273     97.53         0         0     11.83         0     11.83         0     7.273         0     11.83         0         0    0.1742         0         0     11.83         0         0         0         0         0         0         0 1.784e-07         0 2.034e-06         0         0         0         0         0         0         0         0         0         0         0         0         0         0         0         0         0         0         0         0         0         0         0         0         0         0         0         0
         0     114.7         0         0         0     11.83         0         0         0         0         0         0         0         0         0         0         0         0         0         0         0         0         0         0         0         0         0         0         0         0         0         0         0         0         0         0         0         0         0         0         0         0         0         0         0         0         0         0         0         0         0         0         0         0         0         0         0
         0         0         0     16.37         0         0         0         0     97.53     10.06         0     357.2         0         0         0         0         0         0         0         0         0    0.1742         0         0         0         0         0         0         0         0         0         0         0         0         0         0         0         0         0         0         0         0         0         0         0         0         0         0         0         0         0         0         0         0         0         0         0
         0         0         0         0         0     16.37         0     97.53         0         0     10.06         0     357.2         0         0         0         0         0         0         0         0         0    0.1742         0         0         0         0    0.2049         0         0         0         0         0         0         0         0         0         0         0         0         0         0         0         0         0         0         0         0         0         0         0         0         0         0         0         0         0
         0         0         0     16.37         0         0         0     16.37         0         0     97.53     16.37         0         0         0         0 7.684e-07         0         0     16.37         0         0         0         0         0         0         0         0         0         0         0         0         0         0         0 3.414e-07 3.414e-07         0         0         0         0         0 1.565e-08         0         0         0         0         0         0         0         0         0         0         0         0         0         0
         0         0         0         0         0     16.37         0         0     16.37     97.53         0         0     16.37         0         0         0  1.47e-06         0     16.37         0         0         0         0         0         0         0 1.784e-07         0         0         0         0         0         0         0         0 3.414e-07 3.414e-07         0         0         0         0         0 1.565e-08         0         0         0         0         0         0         0         0         0         0         0         0         0         0
         0         0         0     36.84         0         0         0     803.9         0     22.64         0         0     97.53         0         0         0 1.063e-06         0         0         0         0         0         0 1.131e-08         0         0         0         0         0         0         0         0         0         0         0 4.723e-07         0         0         0 2.164e-08         0         0         0         0         0         0         0         0         0         0         0         0         0         0         0         0         0
         0         0         0         0         0     36.84         0         0     803.9         0     22.64     97.53         0         0         0         0 2.034e-06         0         0         0         0         0         0 4.015e-07         0         0         0         0         0         0         0    0.2049         0         0         0 4.723e-07         0         0         0         0         0         0         0         0         0         0         0         0         0         0         0         0         0         0         0         0         0
         0         0         0         0         0         0         0         0         0         0         0         0         0         0         0         0         0         0         0     36.84         0         0         0         0         0         0 2.468e-07         0         0         0         0         0         0         0         0         0         0         0         0         0         0         0         0         0         0         0         0         0         0         0         0         0         0         0         0         0         0
     0.392         0         0       3.8         0         0         0         0         0         0         0         0         0         0         0     97.53         0         0         0         0         0   0.09102         0         0         0         0 4.578e-06         0 4.438e-05         0         0         0         0         0 7.449e-06         0         0         0         0         0         0         0         0         0         0         0         0         0         0         0 1.241e-11         0         0         0         0         0         0
         0     0.392       3.8         0         0       3.8         0         0         0         0         0         0         0         0     97.53         0         0         0         0         0         0         0   0.09102         0         0         0 4.578e-06         0 4.438e-05         0         0         0         0         0 7.449e-06         0         0         0         0         0         0         0         0         0         0         0         0         0         0         0 1.241e-11         0         0         0         0         0         0
         0         0         0         0         0         0         0         0         0  1.03e-05 1.972e-05  1.03e-05 1.972e-05         0         0         0         0         0         0         0         0         0         0     1.986         0         0     13.92         0         0         0    0.2834         0         0         0         0         0         0         0         0         0         0         0 2.728e-05         0         0         0         0         0         0         0         0         0         0         0         0         0         0
         0         0         0         0         0         0         0         0         0         0         0         0         0         0         0         0         0         0         0         0     158.7         0         0   0.07738         0         0         0         0         0         0         0         0         0   0.07738         0         0         0         0         0         0         0         0         0         0         0         0         0         0         0         0         0         0         0         0         0         0         0
         0         0         0         0         0     581.1         0         0         0         0     357.2         0         0         0         0         0         0         0         0         0         0         0         0 6.334e-06         0         0         0         0         0         0         0         0         0         0         0         0         0         0         0         0         0         0         0         0         0         0         0         0         0         0         0         0         0         0         0         0         0
         0         0         0     581.1         0         0         0         0         0     357.2         0         0         0     581.1         0         0         0         0         0         0         0         0         0 1.784e-07         0         0         0         0         0         0         0         0         0         0         0         0         0         0         0         0         0         0         0         0         0         0         0         0         0         0         0         0         0         0         0         0         0
         0         0         0         0         0         0         0         0         0         0         0         0         0         0         0         0         0     186.6         0         0         0         0         0         0         0         0         0         0         0         0   0.04756         0         0         0         0         0         0         0         0         0         0         0         0         0         0         0         0         0         0         0         0         0         0         0         0         0         0
         0         0         0         0         0         0         0     8.554         0         0         0         0         0         0    0.2834         0         0         0         0         0         0         0     97.53         0         0         0         0         0         0         0         0         0         0         0         0         0         0         0         0         0         0         0         0         0         0         0         0         0         0         0         0         0         0         0         0         0         0
         0         0         0         0         0         0         0         0     8.554         0         0         0         0         0         0    0.2834         0         0         0         0         0     97.53         0         0         0     5.257         0         0         0         0         0         0         0         0         0         0         0         0         0         0         0         0         0         0         0         0         0         0         0         0         0         0         0         0         0         0         0
         0         0         0         0         0         0         0         0         0         0         0 5.555e-07 1.972e-05         0         0         0     10.06    0.2834 1.972e-05 5.555e-07         0         0         0         0         0         0     10.06         0         0         0         0         0         0    0.2834         0 2.728e-05 2.728e-05         0         0         0         0         0 0.0001382         0         0         0         0         0         0         0         0         0         0         0         0         0         0
         0         0         0         0         0         0         0         0         0         0         0         0         0         0         0         0         0         0         0         0         0         0         0         0         0      4.47         0      4.47         0     357.2         0         0         0         0         0         0         0         0         0         0         0         0         0         0         0         0 5.025e-09         0         0         0         0         0         0         0         0         0         0
         0         0         0         0         0         0         0         0         0         0         0         0         0         0         0         0         0         0         0         0         0         0     13.92         0     5.257         0         0     7.273         0         0         0         0     219.5         0         0         0         0         0         0         0         0         0         0         0         0         0  5.91e-09         0         0         0         0         0         0         0         0         0         0
   0.00134         0         0 4.438e-05         0 4.438e-05         0         0         0         0 1.972e-05         0         0 1.972e-05  5.22e-05  5.22e-05     114.7         0         0         0         0         0         0     16.37         0         0         0         0   0.01299         0         0         0         0         0    0.2834         0         0         0         0 0.0001625         0         0         0         0         0         0         0         0 3.186e-10         0         0         0         0         0         0         0         0
         0         0         0         0         0         0         0         0     36.84         0         0         0         0         0         0         0         0         0         0         0         0         0         0         0     7.273     10.06         0         0         0         0         0     357.2         0         0         0         0         0         0         0         0         0         0         0         0         0         0 8.176e-09         0         0         0         0         0         0         0         0         0         0
   0.00577   0.00577 0.0005952 0.0005952         0 0.0005952         0         0         0         0         0         0         0         0 0.0005952 0.0005952         0         0         0         0         0         0         0         0         0         0   0.01528         0         0         0         0         0 0.0007001         0   0.01528    0.4611         0         0         0    0.4611         0         0         0         0         0   0.01528         0         0         0         0         0         0         0         0         0         0         0
         0         0         0         0         0         0         0         0         0         0         0         0         0         0         0         0         0         0         0         0         0         0         0         0     803.9         0         0         0         0         0         0      4.47      4.47         0         0         0         0         0      4.47         0  1.47e-06         0         0         0         0         0         0 5.025e-09         0         0         0         0         0         0         0         0         0
         0         0 0.0001625         0         0         0         0         0         0         0         0         0         0         0         0         0      4.47         0         0         0    0.4611         0         0         0         0         0         0         0         0         0         0         0         0     1.986     13.92         0         0         0         0         0 8.494e-05         0         0         0         0         0         0         0         0         0         0         0         0         0         0         0         0
         0         0         0         0         0         0         0         0         0         0         0         0     36.84         0         0         0         0         0         0         0         0         0         0         0         0         0         0     803.9         0     7.273         0         0     10.06         0         0         0         0         0         0         0         0         0  1.47e-06         0         0         0         0 8.176e-09         0         0         0         0         0         0         0         0         0
         0         0         0         0         0         0         0         0         0         0         0         0         0         0         0         0         0         0         0         0         0         0         0         0         0     803.9         0         0  0.001576     8.554         0     11.83         0         0         0  0.001576 0.0008234   0.04044         0         0         0         0         0         0         0         0         0 9.617e-09         0         0         0         0         0         0         0         0         0
         0         0         0         0         0         0         0         0         0         0         0         0         0         0         0         0         0      4.47         0         0         0         0         0      4.47         0         0         0         0         0         0     10.06         0         0         0     10.06 0.0004303 0.0004303         0         0         0 0.0004303         0 0.0004303         0         0         0         0         0         0         0         0         0         0         0         0         0         0
         0         0         0         0         0         0         0         0         0         0         0         0         0         0   0.00134   0.00134         0         0         0         0         0         0         0         0         0         0      4.47         0    0.2049         0     114.7         0         0     16.37         0  0.002564         0         0         0  0.002564         0         0         0         0         0         0         0         0 5.025e-09         0         0         0         0         0         0         0         0
         0         0         0         0         0         0         0         0         0 0.0005952 0.0005952 0.0005952 0.0005952         0         0         0         0         0         0         0         0         0         0 0.0007001         0         0         0         0     6.183         0         0         0  0.009389 0.0007001  0.002564         0     219.5   0.05594         0     16.37         0         0         0         0         0         0         0         0         0         0         0  6.14e-05         0         0         0         0         0
         0         0         0         0         0         0         0         0         0 0.0009685 0.0009685         0         0         0         0         0         0         0         0         0         0         0         0  0.001139         0         0         0         0         0         0         0         0  0.007982  0.001139         0     357.2         0         0         0         0    0.1481         0     0.107         0         0         0         0         0         0         0         0         0         0         0         0         0         0
         0         0         0         0         0         0         0         0         0         0         0         0         0         0         0         0         0         0         0         0         0         0         0         0         0         0         0         0         0         0         0         0    0.5423         0         0    0.1259         0         0         0         0         0         0         0         0         0         0         0         0         0 0.0009685         0         0         0         0         0         0         0
         0         0         0         0         0         0         0         0         0         0         0         0         0         0         0         0         0         0         0         0         0         0         0         0         0         0         0         0         0     303.7         0         0         0         0         0         0         0         0         0         0         0         0         0         0 0.0008234         0         0 3.414e-07         0         0         0         0         0         0         0         0         0
         0         0         0         0         0         0         0         0         0         0         0 0.0005952         0         0         0         0         0         0         0         0         0         0         0         0         0         0   0.05594         0     134.9         0         0         0         0         0   0.05594     357.2         0         0         0         0         0         0         0         0     7.273         0         0         0         0         0         0         0         0         0         0         0         0
         0         0         0         0         0         0         0         0         0         0         0         0         0         0         0         0         0         0         0         0         0         0         0         0         0         0         0         0         0 0.0005061   0.02113         0         0   0.02113         0         0     2.747         0         0         0         0     3.231      4.47         0         0         0         0         0         0         0         0         0         0         0         0         0         0
         0         0         0         0         0         0         0         0         0         0         0         0         0         0         0         0         0         0         0         0         0         0         0         0         0         0         0         0         0         0         0         0         0         0         0         0         0         0         0         0      4.47         0         0         0         0         0         0         0         0         0         0         0         0 5.025e-09         0         0         0
         0         0         0   0.05594         0         0         0         0         0   0.00134   0.00134         0         0         0         0         0    0.1742         0         0         0         0         0         0    0.1742         0         0         0         0         0         0         0 0.0005061         0   0.03438         0         0     3.231         0         0         0     7.273         0         0     3.231         0         0         0         0         0         0         0         0         0         0         0         0         0
         0         0         0         0         0         0         0         0         0         0         0         0         0         0         0         0         0         0         0         0         0         0         0         0         0         0         0         0         0         0         0         0         0         0         0         0         0         0         0         0         0         0      4.47         0         0         0         0         0         0         0         0         0         0 8.176e-09         0         0         0
         0         0         0         0         0         0         0         0         0         0         0         0         0         0         0         0         0         0         0         0         0         0         0         0         0         0         0         0         0         0         0         0         0         0         0         0         0         0   0.05594     134.9         0         0         0         0         0         0         0         0         0         0         0         0         0         0         0         0         0
         0         0         0         0         0         0         0         0         0         0         0         0         0         0         0         0         0         0         0         0         0         0         0         0         0         0         0         0     158.7         0         0         0         0         0         0         0         0         0         0         0         0         0         0         0         0         0         0         0         0         0  1.25e-06         0         0         0         0         0         0
         0         0         0         0         0         0         0         0         0         0         0         0         0         0         0         0         0         0         0         0         0         0         0         0  0.002564  0.002564         0  0.002564         0         0         0         0         0         0         0         0         0         0         0         0         0         0         0         0         0         0         0     357.2         0         0         0         0         0         0         0         0         0
         0         0         0         0         0         0         0         0         0         0         0         0         0         0         0         0         0         0         0         0         0         0         0         0         0         0         0         0         0  0.002564         0  0.002564  0.002564         0         0         0         0         0  0.002564         0         0         0         0         0         0         0     803.9         0         0         0 0.0001175         0         0         0 8.761e-06   0.01104         0
         0         0         0         0         0         0         0         0         0         0         0         0         0         0         0         0         0         0         0         0         0         0         0         0         0         0  0.002564         0         0         0         0         0         0         0  0.002564         0         0         0         0         0         0         0         0         0         0         0         0         0         0         0    0.7502         0         0         0         0         0         0
         0         0         0         0         0         0         0         0         0         0         0         0         0         0         0         0         0         0         0         0         0         0         0         0         0         0         0         0         0         0         0         0         0         0         0         0         0     581.1         0         0         0         0         0         0         0         0         0         0         0         0         0         0         0         0         0         0  1.25e-06
         0         0         0         0         0         0         0         0         0         0         0         0         0         0  0.003547  0.003547         0         0         0         0         0         0         0         0         0         0         0         0         0         0         0         0         0         0         0         0         0         0         0         0         0         0         0         0         0  0.002564         0  0.004171     2.336         0         0         0         0         0    0.2834         0         0
         0         0         0         0         0         0         0         0         0         0         0         0         0         0         0         0         0         0         0         0         0         0         0         0         0         0         0         0         0         0         0         0         0         0         0     803.9         0         0         0         0         0         0         0         0         0         0         0         0         0         0         0         0         0         0 0.0001382         0         0
         0         0         0         0         0         0         0         0         0         0         0         0         0         0         0         0         0         0         0         0         0         0         0         0         0         0         0         0         0         0         0         0         0         0         0         0         0         0         0         0         0         0         0         0         0         0         0         0         0         0         0         0         0         0         0     16.37   0.01104
         0         0         0         0         0         0         0         0         0         0         0         0         0         0         0         0         0         0         0         0         0         0         0         0         0         0         0         0         0         0         0         0         0         0         0         0         0         0         0         0         0  0.002564         0  0.002564         0         0         0         0         0         0         0         0         0         0    0.4611         0         0
         0         0         0         0         0         0         0         0         0         0         0         0         0         0         0         0         0         0         0         0         0         0         0         0         0         0         0         0         0         0         0         0         0         0         0         0         0         0         0         0         0         0         0         0         0         0         0   0.01797         0         0     16.37 0.0009685         0     1.986         0         0   0.01104
         0         0         0         0         0         0         0         0         0         0         0         0         0         0         0         0         0         0         0         0         0         0         0         0         0         0         0         0         0         0         0         0         0         0         0         0         0         0         0         0         0         0         0         0         0         0         0      70.5         0         0         0         0     357.2         0         0         0         0
         0         0         0         0         0         0         0         0         0         0         0         0         0         0         0         0         0         0         0         0         0         0         0         0         0         0         0         0         0         0         0         0         0         0         0         0         0         0         0         0         0         0         0         0         0         0         0         0         0  0.002564         0         0     2.336         0    0.3333         0         0
