         0     97.53         0         0         0         0         0         0         0         0         0         0         0         0         0         0         0         0         0         0         0         0
     97.53         0         0         0         0  0.001139   0.04756         0         0         0 1.565e-08         0         0         0         0         0         0         0         0         0         0         0
         0         0         0     97.53 7.222e-05         0         0 7.222e-05   0.02923         0         0 9.323e-08         0         0         0         0         0 7.926e-08         0         0         0         0
         0         0     97.53         0 7.222e-05         0   0.02923 7.222e-05   0.02923         0         0 9.323e-08         0         0         0         0  9.92e-10         0 2.794e-11         0 1.281e-12         0
         0         0 0.0005952 0.0005952         0         0  0.002564     219.5   0.05594         0         0         0 0.0005952         0         0         0         0         0         0  6.14e-05 1.056e-11         0
         0     2.336         0         0         0         0     3.231         0         0         0 3.209e-05         0         0         0         0         0         0         0         0         0         0         0
         0     134.9         0     0.392  0.004171      4.47         0  0.004171     0.392         0         0 3.209e-05   0.06579         0         0   0.06579         0         0 3.186e-10         0         0         0
         0         0 0.0009685 0.0009685     357.2         0  0.004171         0         0         0         0    0.1481         0         0         0         0         0         0         0         0         0         0
         0         0    0.5423    0.5423    0.1259         0    0.5423         0         0         0         0         0         0    0.5423         0         0         0         0         0         0         0         0
         0         0         0         0         0         0         0         0         0         0      4.47         0         0         0         0         0         0         0         0         0         0         0
         0   0.00134         0         0         0   0.00134         0         0         0     7.273         0     3.231         0         0         0         0         0         0         0         0         0         0
         0         0  5.22e-05  5.22e-05         0         0   0.00134     6.183         0         0      4.47         0         0         0         0         0         0         0         0         0         0         0
         0         0         0         0    0.1742         0     11.83         0         0         0         0         0         0         0         0     11.83         0         0         0         0         0         0
         0         0         0         0         0         0         0         0     945.5         0         0         0         0         0     3.231         0         0         0         0         0         0         0
         0         0         0         0         0         0         0         0         0         0         0         0         0     11.83         0         0         0         0 2.814e-06         0         0         0
         0         0         0         0         0         0     803.9         0         0         0         0         0     803.9         0         0         0 0.0001625         0         0         0         0         0
         0         0         0 0.0009685         0         0         0         0         0         0         0         0         0         0         0 0.0009685         0         0     1.689         0         0         0
         0         0    0.1259         0         0         0         0         0         0         0         0         0         0         0         0         0         0         0         0     11.83         0         0
         0         0         0  0.003015         0         0  0.002564         0         0         0         0         0         0         0  0.002564         0     186.6         0         0         0 0.0003658   0.01104
         0         0         0         0     803.9         0         0         0         0         0         0         0         0         0         0         0         0     803.9         0         0 0.0001382         0
         0         0         0 0.0009685 0.0009685         0         0         0         0         0         0         0         0         0         0         0         0         0  0.002564 0.0009685         0   0.01104
         0         0         0         0         0         0         0         0         0         0         0         0         0         0         0         0         0         0     2.336         0    0.3333         0
