         0     97.53     59.94         0         0         0         0         0         0         0         0  0.003547         0         0         0         0         0         0         0         0         0         0         0         0         0         0         0         0         0         0         0
     97.53         0         0     59.94         0         0         0         0         0         0         0    0.7502         0         0         0         0         0         0         0         0         0         0         0         0         0         0         0         0         0         0         0
     219.5         0         0         0     494.1         0         0         0         0         0         0         0         0         0         0         0         0         0         0         0         0         0         0         0         0         0         0         0         0         0         0
         0     219.5         0         0         0     494.1         0         0         0         0         0         0         0         0         0         0         0         0         0         0         0         0         0         0         0         0         0         0         0         0         0
         0         0     803.9         0         0     97.53         0         0      4.47         0         0         0     0.392         0         0         0         0         0         0     0.392         0         0         0         0         0 8.761e-06         0         0         0         0         0
         0         0         0     803.9     97.53         0         0      4.47         0         0         0         0         0     0.392         0         0         0   0.06579         0         0     0.392         0   0.06579         0         0 8.761e-06         0         0         0         0         0
         0         0         0         0         0         0         0         0         0         0         0         0    0.5423         0    0.5423      4.47     1.986         0         0         0         0         0         0         0         0         0         0         0         0         0         0
         0         0         0         0         0     59.94         0         0         0         0         0     59.94         0         0         0         0         0         0         0         0         0         0         0         0         0         0         0         0         0         0         0
         0         0         0         0     59.94         0         0         0         0         0         0    0.2834         0         0         0         0         0         0         0         0         0         0         0         0         0         0         0         0         0         0         0
         0         0         0         0         0         0         0         0         0         0     97.53         0     357.2         0         0         0         0         0         0         0         0         0         0         0         0         0         0         0         0         0         0
         0         0         0         0         0         0         0         0         0     97.53         0         0         0     357.2         0         0         0         0         0         0         0         0         0         0         0         0         0         0         0         0         0
    0.6378     134.9         0         0         0         0         0     134.9    0.6378         0         0         0         0         0         0         0         0         0         0         0         0         0         0         0 0.0003658         0         0         0         0         0         0
         0         0         0         0     11.83         0     1.986         0         0     683.5         0         0         0     97.53         0    0.1742    0.1742         0    0.1742     11.83         0     1.986         0         0         0         0    0.1742         0         0         0         0
         0         0         0         0         0     11.83         0         0         0         0     683.5         0     97.53         0     59.94    0.1742    0.1742         0    0.1742         0     11.83         0     1.986         0         0         0    0.1742         0         0         0         0
         0         0         0         0         0         0     11.83         0         0         0         0         0         0     357.2         0         0         0         0         0         0         0         0         0         0         0         0         0         0         0         0         0
         0         0         0         0         0         0     186.6         0         0         0         0         0     1.986     1.986         0         0     19.25     1.986     59.94         0         0         0         0         0         0         0     1.986         0         0         0         0
         0         0         0         0         0         0     219.5         0         0         0         0         0     5.257     5.257         0     50.97         0         0     50.97         0         0         0         0         0         0         0         0         0         0   0.02923         0
         0         0         0         0         0     82.92         0         0         0         0         0         0         0         0         0     7.273         0         0     7.273         0         0         0         0         0         0         0         0         0         0         0         0
         0         0         0         0         0         0         0         0         0         0         0         0     8.554     8.554         0     258.2     82.92     8.554         0         0         0         0         0         0         0    0.1481         0         0         0         0         0
         0         0         0         0     803.9         0         0         0         0         0         0         0     803.9         0         0         0         0         0         0         0         0         0         0         0         0         0         0 1.063e-06         0         0         0
         0         0         0         0         0     803.9         0         0         0         0         0         0         0     803.9         0         0         0         0         0         0         0         0         0         0         0         0         0         0 1.063e-06         0         0
         0         0         0         0         0         0         0         0         0         0         0         0     803.9         0         0         0         0         0         0         0         0         0         0         0         0         0         0 1.063e-06         0         0         0
         0         0         0         0         0     803.9         0         0         0         0         0         0         0     803.9         0         0         0         0         0         0         0         0         0         0         0         0         0         0 1.063e-06         0         0
         0         0         0         0         0         0         0         0         0         0         0         0         0         0         0         0         0         0         0         0         0         0         0         0      4.47         0         0         0         0         0         0
         0         0         0         0         0         0         0         0         0         0         0    0.5423         0         0         0         0         0         0         0         0         0         0         0     7.273         0     3.231         0         0         0         0         0
         0         0         0         0    0.5423    0.5423         0         0         0         0         0         0         0         0         0         0         0         0     6.183         0         0         0         0         0      4.47         0         0         0         0         0         0
         0         0         0         0         0         0         0         0         0         0         0         0     945.5     945.5         0     945.5         0         0         0         0         0         0         0         0         0         0         0         0         0         0         0
         0         0         0         0         0         0         0         0         0         0         0         0         0         0         0         0         0         0         0 0.0009685         0 0.0001625         0         0         0         0         0         0     97.53         0 0.0002645
         0         0         0         0         0         0         0         0         0         0         0         0         0         0         0         0         0         0         0         0 0.0009685         0 0.0001625         0         0         0         0     97.53         0         0 0.0002645
         0         0         0         0         0         0         0         0         0         0         0         0         0         0         0         0     158.7         0         0         0         0         0         0         0         0         0         0         0         0         0 7.684e-07
         0         0         0         0         0         0         0         0         0         0         0         0         0         0         0         0         0         0         0         0         0         0         0         0         0         0         0     2.336     2.336  0.002564         0
