         0     219.5         0         0         0         0         0  6.14e-05         0         0 1.056e-11
     683.5         0         0         0    0.1481    0.1481         0  0.000311         0         0         0
         0         0         0      4.47         0         0         0         0         0         0         0
         0         0     7.273         0     3.231         0    0.4611         0         0         0         0
         0     3.231         0      4.47         0         0         0    0.4611         0 8.176e-09         0
         0     7.273         0         0         0         0         0         0         0 9.617e-09         0
         0         0         0     43.33         0         0         0     3.231         0         0         0
     0.392    0.6378         0         0     43.33         0      4.47         0     0.392         0         0
         0         0         0         0         0         0         0     803.9         0         0 0.0001382
         0         0         0         0  0.002564   0.00134         0         0         0         0    0.4611
 0.0009685         0         0         0         0         0         0         0 0.0009685     1.986         0
