         0     97.53         0         0         0         0         0         0         0         0         0         0         0         0         0         0         0         0         0         0         0         0
     97.53         0         0         0         0  0.001139   0.04756         0         0         0 1.565e-08         0         0         0         0         0         0         0         0         0         0         0
         0         0         0     97.53 8.761e-06         0         0 8.761e-06  0.003547         0         0         0         0         0         0 2.164e-08         0         0         0         0         0         0
         0         0     97.53         0 8.761e-06         0  0.003547 8.761e-06  0.003547         0         0 2.164e-08         0         0 1.665e-10         0         0         0         0         0 1.554e-13         0
         0         0 0.0005952 0.0005952         0         0  0.002564     219.5   0.05594         0         0         0 0.0005952         0         0         0         0         0  6.14e-05         0 1.056e-11         0
         0     2.336         0         0         0         0     3.231         0         0         0 3.209e-05         0         0         0         0         0         0         0         0         0         0         0
         0     134.9         0     0.392  0.004171      4.47         0  0.004171     0.392         0         0 3.209e-05         0   0.06579         0         0         0 3.186e-10         0         0         0         0
         0         0 0.0009685 0.0009685     357.2         0  0.004171         0         0         0         0    0.1481         0         0         0         0         0         0         0         0         0         0
         0         0    0.5423    0.5423    0.1259         0    0.5423         0         0         0         0         0         0         0         0         0 0.0009685         0         0         0         0         0
         0         0         0         0         0         0         0         0         0         0      4.47         0         0         0         0         0         0         0         0         0         0         0
         0   0.00134         0         0         0   0.00134         0         0         0     7.273         0     3.231         0         0         0         0         0         0         0         0         0         0
         0         0         0  9.99e-05         0         0   0.00134     6.183         0         0      4.47         0         0         0         0         0         0         0         0         0         0         0
         0         0         0         0    0.1742         0         0         0         0         0         0         0         0     11.83         0         0         0         0         0         0         0         0
         0         0         0         0         0         0     803.9         0         0         0         0         0     803.9         0 0.0001625         0         0         0         0 1.063e-06         0         0
         0         0         0   0.00134         0         0         0         0         0         0         0         0         0 0.0009685         0         0         0     1.689         0       3.8  1.25e-06         0
         0         0    0.2834         0         0         0         0         0         0         0         0         0         0         0         0         0         0         0     11.83         0         0         0
         0         0         0         0         0         0         0         0     581.1         0         0         0         0         0         0         0         0         0         0         0         0  1.25e-06
         0         0         0         0         0         0  0.002564         0         0         0         0         0         0         0     186.6         0         0         0         0      70.5 0.0003658   0.01104
         0         0         0         0     803.9         0         0         0         0         0         0         0         0         0         0     803.9         0         0         0         0 0.0001382         0
         0         0         0         0         0         0         0         0         0         0         0         0         0 0.0009685     581.1         0         0     97.53         0         0         0         0
         0         0         0 0.0009685 0.0009685         0         0         0         0         0         0         0         0         0 0.0009685         0         0  0.002564 0.0009685         0         0   0.01104
         0         0         0         0         0         0         0         0         0         0         0         0         0         0         0         0  0.002564     2.336         0         0    0.3333         0
