         0     97.53         0         0         0         0     0.392         0         0         0         0         0         0         0         0         0         0
     97.53         0    0.6378   0.03438   0.05594         0         0         0         0         0 3.209e-05   0.05594         0         0         0         0         0
         0     3.231         0         0         0         0         0         0 0.0003658         0         0         0         0         0         0         0         0
         0     1.986         0         0         0     59.94         0         0         0         0         0         0     1.986         0         0         0         0
         0     11.83         0         0         0     7.273         0         0         0         0         0     11.83         0         0         0         0         0
         0         0         0     258.2     8.554         0         0         0         0         0    0.1481         0         0         0         0         0         0
     803.9         0         0         0         0         0         0         0         0         0         0         0         0 1.063e-06         0         0         0
         0         0         0         0         0         0         0         0      4.47         0         0         0         0         0         0         0         0
         0         0    0.5423         0         0         0         0     7.273         0         0     3.231         0         0         0         0         0         0
         0         0         0         0         0         0         0         0         0         0         0     420.1     7.273         0         0         0         0
         0    0.3333         0         0         0     6.183         0         0      4.47         0         0         0         0         0         0         0         0
         0     803.9         0         0     803.9         0         0         0         0     803.9         0         0         0         0 1.063e-06         0         0
         0         0         0     945.5         0         0         0         0         0     26.63         0         0         0         0         0         0         0
         0         0         0         0         0         0 0.0009685         0         0         0         0         0         0         0     97.53         0         0
         0         0         0         0         0         0         0         0         0         0         0 0.0001382         0     97.53         0         0 0.0002248
         0         0         0         0         0         0         0         0         0         0         0         0         0         0         0         0     50.97
         0         0         0         0         0         0         0         0         0         0         0         0         0         0     2.336     357.2         0
