         0     97.53     59.94         0         0         0         0         0         0         0         0 0.0002645         0         0         0         0         0         0         0         0         0         0         0         0         0         0
     97.53         0         0     59.94         0         0         0         0         0         0         0   0.05594         0         0         0         0         0         0         0         0         0         0         0         0         0         0
     219.5         0         0     97.53         0     36.84         0     0.392         0         0         0         0         0         0         0         0         0         0         0         0         0         0         0         0         0         0
         0     219.5     97.53         0     36.84         0         0         0         0         0         0         0         0         0         0         0         0         0         0         0         0         0         0         0         0         0
         0         0         0     357.2         0     97.53         0         0         0    0.1742         0         0         0         0    0.1742         0         0 3.893e-06         0         0         0         0         0         0         0         0
         0         0     357.2         0     97.53         0         0         0    0.1742         0         0         0         0    0.1742         0         0         0 3.893e-06         0         0         0         0         0         0         0         0
         0         0         0         0         0         0         0         0   0.04044   0.04044         0         0    0.3333         0         0         0         0         0 0.0009685         0         0         0         0         0         0         0
         0         0     6.183         0         0         0         0         0         0         0     36.84         0         0         0         0         0         0         0         0 2.233e-09         0         0         0         0         0         0
         0         0         0         0         0      4.47    0.7502         0         0     97.53     258.2         0   0.06579      4.47         0         0         0         0         0         0         0         0         0         0         0         0
         0         0         0         0      4.47         0    0.7502         0     97.53         0         0         0   0.06579         0      4.47         0         0         0         0         0         0         0         0         0         0         0
         0         0         0         0         0         0         0     803.9     357.2         0         0         0         0         0         0         0         0         0         0         0         0         0         0         0         0         0
    0.6378     134.9         0         0         0         0         0         0         0         0         0         0         0         0         0         0 0.0003658         0         0         0         0         0         0         0         0         0
         0         0         0         0         0         0     186.6         0     1.986     1.986         0         0         0         0         0         0         0         0         0         0         0         0         0         0         0         0
         0         0         0         0         0     803.9         0         0     803.9         0         0         0         0         0         0         0         0         0         0         0         0 1.063e-06         0         0         0         0
         0         0         0         0     803.9         0         0         0         0     803.9         0         0         0         0         0         0         0         0         0         0         0         0 1.063e-06         0         0         0
         0         0         0         0         0         0         0         0         0         0         0         0         0         0         0         0      4.47         0         0         0         0         0         0         0         0         0
         0         0         0         0         0         0         0         0         0         0         0    0.5423         0         0         0     7.273         0     3.231         0         0         0         0         0         0         0         0
         0         0         0         0    0.5423    0.5423         0         0         0         0         0         0         0         0         0         0      4.47         0         0         0         0         0         0         0         0         0
         0         0         0         0         0         0     581.1         0         0         0         0         0         0         0         0         0         0         0         0         0         0         0         0         0         0  1.25e-06
         0         0         0         0         0         0         0  0.001853         0         0         0         0         0         0         0         0         0         0         0         0     97.53     258.2         0         0         0         0
         0         0         0         0         0         0         0         0         0         0         0         0         0         0         0         0         0         0         0     97.53         0         0     258.2         0         0         0
         0         0         0         0         0         0         0         0         0         0         0         0         0 0.0009685         0         0         0         0         0     803.9         0         0     97.53         0     26.63 0.0002645
         0         0         0         0         0         0         0         0         0         0         0         0         0         0 0.0009685         0         0         0         0         0     803.9     97.53         0     97.53         0 0.0002645
         0         0         0         0         0         0         0         0         0         0         0         0         0         0         0         0         0         0         0         0         0         0     186.6         0         0   0.01104
         0         0         0         0         0         0         0         0         0         0         0         0         0         0         0         0         0         0         0         0         0     357.2         0         0         0   0.07738
         0         0         0         0         0         0         0         0         0         0         0         0         0         0         0         0         0         0  0.002564         0         0     0.107     0.107     2.336     2.336         0
