         0     59.94         0         0         0         0         0         0         0         0 2.994e-08         0         0         0         0         0         0         0         0         0         0         0         0         0         0         0         0         0         0         0         0         0         0         0         0         0         0         0         0         0         0         0         0         0         0         0         0         0         0         0         0         0
     494.1         0     0.107         0         0         0         0         0         0         0         0         0     1.436         0         0         0         0         0         0         0         0         0         0         0         0         0         0         0         0         0         0         0         0         0         0         0         0         0         0         0         0         0         0         0         0         0         0         0         0         0         0         0
         0    0.5423         0         0         0         0         0         0         0         0         0    0.1259         0         0         0         0         0         0         0         0         0         0         0         0         0         0         0         0         0         0         0         0         0         0         0         0         0         0         0         0         0         0         0         0         0         0         0         0         0         0         0         0
         0         0         0         0     97.53     258.2         0     1.436         0         0         0         0         0         0         0         0         0         0         0         0         0         0         0         0         0         0  1.73e-06         0         0         0         0         0         0         0         0         0         0         0         0         0         0         0         0         0         0         0         0         0         0         0         0         0
         0         0         0     97.53         0         0     258.2         0     1.436         0         0         0         0         0         0         0         0         0         0         0         0         0         0         0         0         0  1.73e-06         0         0         0         0         0         0         0         0         0         0         0         0         0         0         0         0         0         0         0         0         0         0         0         0         0
         0         0         0     303.7         0         0     97.53         0         0         0 6.739e-08         0         0         0         0         0         0         0         0         0         0         0         0         0  1.73e-06         0         0  1.73e-06         0         0         0         0         0         0         0         0         0         0         0         0         0         0         0         0         0         0         0         0         0         0         0         0
         0         0         0         0     303.7     97.53         0         0         0         0         0         0         0         0         0         0         0         0         0         0         0         0         0         0  1.73e-06         0         0  1.73e-06         0         0         0         0         0         0         0         0         0         0         0         0         0         0         0         0         0         0         0         0         0         0         0         0
         0         0         0     2.336         0         0         0         0     97.53         0         0         0         0         0         0         0         0         0         0         0         0         0         0         0         0         0         0         0         0  1.73e-06         0         0         0         0         0         0         0         0         0         0         0         0         0         0         0         0         0         0         0         0         0         0
         0         0         0         0     2.336         0         0     97.53         0         0         0         0         0         0         0         0         0         0         0         0         0         0         0         0         0         0         0         0         0  1.73e-06         0         0         0         0         0         0         0         0         0         0         0         0         0         0         0         0         0         0         0         0         0         0
         0         0         0         0         0         0         0         0         0         0         0         0         0         0         0         0     13.92         0         0         0         0         0         0         0         0         0         0         0         0         0         0         0         0         0         0         0         0         0         0         0         0 0.0004303         0         0         0         0         0         0         0         0         0         0
 0.0001175         0         0         0         0 3.414e-07         0         0         0         0         0 3.747e-10         0     1.436         0         0         0         0         0         0         0         0         0         0         0         0         0         0         0         0         0         0         0         0         0         0         0         0         0         0         0         0         0         0         0         0         0         0         0         0         0         0
         0         0     13.92         0         0         0         0         0         0         0 4.407e-10         0    0.1481         0         0     1.436         0         0         0         0         0         0         0         0  0.001853         0  0.003547 0.0008234         0         0         0         0         0         0         0         0         0         0         0         0         0         0         0         0         0         0         0         0         0         0         0         0
         0     803.9         0         0         0         0         0         0         0         0         0    0.1481         0         0         0         0         0         0         0         0         0         0         0         0         0         0         0         0         0         0         0         0         0         0         0         0         0         0         0         0         0         0         0         0         0         0         0         0         0         0         0         0
         0         0         0         0         0         0         0         0         0         0     2.336         0         0         0     97.53         0         0         0  1.25e-06  1.25e-06         0         0         0     8.554         0         0         0         0         0         0         0         0         0         0         0         0         0         0         0         0         0         0         0         0         0         0         0         0         0         0         0         0
         0         0         0         0         0         0         0         0         0         0         0         0         0     97.53         0         0         0         0 2.393e-06 2.393e-06         0         0     8.554         0         0         0         0         0         0         0         0         0         0         0         0         0         0         0         0         0         0         0         0         0         0         0         0         0         0         0         0         0
         0         0         0         0         0         0         0         0         0         0         0     2.336         0         0         0         0         0         0         0         0         0         0         0         0         0  0.001853         0         0         0         0 0.0008234         0         0         0         0         0         0         0 2.903e-07         0         0         0         0         0         0         0         0         0         0         0         0         0
         0         0         0         0         0         0         0         0         0      70.5         0         0         0         0         0         0         0         0         0         0         0         0         0         0         0         0         0         0         0         0         0         0         0         0   0.01104         0         0         0         0         0         0         0         0         0         0         0         0         0         0         0         0         0
         0         0         0         0         0         0         0         0         0         0         0         0         0         0         0         0         0         0         0         0 2.319e-05 2.728e-05         0         0         0 4.723e-07         0         0     10.06         0 0.0001382         0         0         0         0         0         0         0 0.0003658         0         0         0         0         0         0         0         0         0         0         0         0         0
         0         0         0         0         0         0         0         0         0         0         0         0         0  1.03e-05 1.972e-05         0         0         0         0     303.7         0     158.7         0         0         0 1.784e-07         0         0         0         0         0   0.09102         0         0         0         0         0         0         0         0  3.31e-06         0         0         0         0  0.007982         0         0         0         0         0         0
         0         0         0         0         0         0         0         0         0         0         0         0         0  1.03e-05 1.972e-05         0         0         0     303.7         0     158.7         0         0         0         0         0         0         0         0         0         0         0   0.09102         0         0         0         0         0         0         0         0         0         0         0         0         0  0.007982         0         0         0         0         0
         0         0         0         0         0         0         0         0         0         0         0         0         0         0         0         0         0 0.0001382         0     683.5         0     303.7         0         0         0         0         0         0         0         0         0         0         0         0 1.212e-05         0         0   0.09102         0 2.393e-06         0         0         0         0         0         0         0         0         0         0         0         0
         0         0         0         0         0         0         0         0         0         0         0         0         0         0         0         0         0 0.0001625     683.5         0     303.7         0         0         0         0         0         0         0         0         0         0         0         0         0  1.03e-05         0         0         0         0 2.393e-06         0         0         0         0         0         0         0         0         0         0         0         0
         0         0         0         0         0         0         0         0         0         0         0         0         0         0     420.1         0         0         0         0         0         0         0         0         0         0         0         0         0         0         0         0         0         0         0         0     11.83         0         0         0         0         0         0         0         0         0         0         0         0         0         0         0         0
         0         0         0         0         0         0         0         0         0         0         0         0         0     420.1         0         0         0         0         0         0         0         0         0         0         0         0         0         0         0         0         0         0         0         0         0         0     11.83         0         0         0         0         0         0         0         0         0         0         0         0         0         0         0
         0         0         0         0         0 0.0008234 0.0008234         0         0         0         0    0.1481         0         0         0         0         0         0         0         0         0         0         0         0         0     1.436    0.1481   0.06579         0         0         0         0         0         0         0         0         0         0         0         0         0         0         0         0         0         0         0         0         0         0         0         0
         0         0         0         0         0         0         0         0         0         0         0         0         0         0         0    0.1481         0 7.449e-06 2.034e-06         0         0         0         0         0     2.336         0         0         0         0    0.1481   0.06579         0         0         0         0 2.393e-06 2.393e-06 9.038e-07 7.449e-06         0 3.774e-05         0 8.494e-05         0         0         0         0         0         0         0         0         0
         0         0         0   0.00577   0.00577         0         0         0         0         0         0     1.689         0         0         0         0         0         0         0         0         0         0         0         0    0.8823         0         0     258.2         0     1.436         0         0         0         0         0         0         0         0         0         0         0         0         0         0         0         0         0         0         0         0         0         0
         0         0         0         0         0   0.00577   0.00577         0         0         0         0    0.4611         0         0         0         0         0         0         0         0         0         0         0         0    0.4611         0     303.7         0         0         0     1.436         0         0         0         0         0         0         0         0         0         0         0         0         0         0         0         0         0         0         0         0         0
         0         0         0         0         0         0         0         0         0         0         0         0         0         0         0         0         0     803.9         0         0         0         0         0         0         0         0         0         0         0         0         0         0         0         0         0         0         0         0         0         0         0         0         0         0   0.01528         0         0         0         0         0         0         0
         0         0         0         0         0         0         0   0.00577   0.00577         0         0         0         0         0         0         0         0         0         0         0         0         0         0         0         0    0.8823     2.336         0         0         0     258.2         0         0         0         0         0         0         0         0         0         0         0         0         0         0         0         0         0         0         0         0         0
         0         0         0         0         0         0         0         0         0         0         0         0         0         0         0    0.4611         0   0.01528         0         0         0         0         0         0         0    0.4611         0     2.336         0     303.7         0         0         0         0         0         0         0         0   0.01528         0         0         0         0         0         0         0         0         0         0         0         0         0
         0         0         0         0         0         0         0         0         0         0         0         0         0         0         0         0         0         0     11.83         0         0         0         0         0         0         0         0         0         0         0         0         0         0         0         0         0         0         0         0         0         0         0 0.0001912         0         0         0         0         0         0         0         0         0
         0         0         0         0         0         0         0         0         0         0         0         0         0         0         0         0         0         0         0     11.83         0         0         0         0         0         0         0         0         0         0         0         0         0     303.7         0         0         0         0         0         0         0         0 0.0001912         0         0         0         0         0         0         0         0         0
         0         0         0         0         0         0         0         0         0         0         0         0         0         0         0         0         0         0         0         0         0         0         0         0         0         0         0         0         0         0         0         0     803.9         0         0         0         0         0         0         0 4.438e-05         0         0         0         0         0         0         0         0         0         0         0
         0         0         0         0         0         0         0         0         0         0         0         0         0         0         0         0     11.83         0         0         0 0.0009685 0.0008234         0         0         0         0         0         0         0         0         0         0         0         0         0         0         0         0     357.2         0         0         0         0         0         0         0         0         0         0         0         0         0
         0         0         0         0         0         0         0         0         0         0         0         0         0         0         0         0         0         0         0         0         0         0     803.9         0         0 8.494e-05         0         0         0         0         0         0         0         0         0         0         0         0         0         0 0.0008234         0 0.0005952         0         0         0         0         0         0         0         0         0
         0         0         0         0         0         0         0         0         0         0         0         0         0         0         0         0         0         0         0         0         0         0         0     803.9         0 8.494e-05         0         0         0         0         0         0         0         0         0         0         0         0         0         0 0.0008234         0 0.0005952         0         0         0         0         0         0         0         0         0
         0         0         0         0         0         0         0         0         0         0         0         0         0         0         0         0         0         0         0         0     11.83         0         0         0         0 4.438e-05         0         0         0         0         0         0         0         0         0         0         0         0         0         0         0         0         0         0         0         0         0         0         0         0         0         0
         0         0         0         0         0         0         0         0         0         0         0         0         0         0         0   0.00134         0    0.3333         0         0         0         0         0         0         0 0.0004303         0         0         0         0    0.1259         0         0         0     683.5         0         0         0         0     2.336         0     19.25         0         0         0         0         0         0 8.761e-06         0         0         0
         0         0         0         0         0         0         0         0         0         0         0         0         0         0         0         0         0         0         0         0  0.001139  0.001139         0         0         0         0         0         0         0         0         0         0         0         0         0         0         0         0     7.273         0         0         0         0         0         0         0         0         0         0         0         0         0
         0         0         0         0         0         0         0         0         0         0         0         0         0         0         0         0         0         0   0.01299         0         0         0         0         0         0   0.01299         0         0         0         0         0         0         0 0.0005061         0  0.007982  0.007982         0         0         0         0         0   0.02113  0.001139         0         0         0         0         0         0         0         0
         0         0         0         0         0         0         0         0         0     82.92         0         0         0         0         0         0         0         0         0         0         0         0         0         0         0         0         0         0         0         0         0         0         0         0         0         0         0         0     357.2         0         0         0         0         0         0         0         0         0         0         0         0         0
         0         0         0         0         0         0         0         0         0         0         0         0         0         0         0         0         0         0         0         0         0         0         0         0         0    0.1481         0         0         0         0         0   0.02923   0.02923         0         0   0.02923   0.02923         0         0         0     0.107         0         0         0         0         0         0         0         0         0         0         0
         0         0         0         0         0         0         0         0         0         0         0         0         0         0         0         0         0         0         0         0         0         0         0         0         0         0         0         0         0         0         0         0         0         0         0         0         0         0         0         0  0.009389         0         0         0         0 6.334e-06 6.334e-06         0         0 3.414e-07         0         0
         0         0         0         0         0         0         0         0         0         0         0         0         0         0         0         0         0         0         0         0         0         0         0         0         0         0         0         0     11.83         0         0         0         0         0         0         0         0         0         0         0         0         0         0         0         0         0         0         0 0.0005952         0         0         0
         0         0         0         0         0         0         0         0         0         0         0         0         0         0         0         0         0         0     803.9         0         0         0         0         0         0         0         0         0         0         0         0         0         0         0         0         0         0         0         0         0         0         0         0 1.972e-05         0         0         0         0         0         0         0         0
         0         0         0         0         0         0         0         0         0         0         0         0         0         0         0         0         0         0         0     803.9         0         0         0         0         0         0         0         0         0         0         0         0         0         0         0         0         0         0         0         0         0         0         0 1.972e-05         0         0         0         0         0         0         0         0
         0         0         0         0         0         0         0         0         0         0         0         0         0         0         0         0         0         0         0         0         0         0         0         0         0         0         0         0         0         0         0         0         0         0         0         0         0         0         0         0         0         0         0         0         0         0         0         0     158.7         0         0         0
         0         0         0         0         0         0         0         0         0         0         0         0         0         0         0         0         0         0         0         0         0         0         0         0         0         0         0         0         0         0         0         0         0         0         0         0         0         0   0.01797         0         0         0         0         0   0.01797         0         0     186.6         0         0         0         0
         0         0         0         0         0         0         0         0         0         0         0         0         0         0         0         0         0         0         0         0         0         0         0         0         0         0         0         0         0         0         0         0         0         0         0         0         0         0         0         0         0         0         0  0.002564         0         0         0         0         0         0     158.7         0
         0         0         0         0         0         0         0         0         0         0         0         0         0         0         0         0         0         0         0         0         0         0         0         0         0         0         0         0         0         0         0         0         0         0         0         0         0         0         0         0         0         0         0         0         0         0         0         0         0     683.5         0  1.29e-07
         0         0         0         0         0         0         0         0         0         0         0         0         0         0         0         0         0         0         0         0         0         0         0         0         0         0         0         0         0         0         0         0         0         0         0         0         0         0         0         0         0         0         0         0         0         0         0         0         0         0    0.4611         0
