         0     97.53         0         0         0    0.2049         0         0    0.2049         0         0         0         0         0         0         0         0 2.903e-07         0 2.903e-07         0         0         0         0         0         0         0
     97.53         0         0         0         0         0         0         0         0    0.2049         0         0         0         0         0  0.001139         0         0         0         0         0         0         0         0         0         0         0
         0         0         0     97.53         0         0         0         0         0         0 3.893e-06         0         0         0         0         0         0         0         0         0         0         0         0         0 1.281e-12         0         0
         0         0     97.53         0     5.257         0         0         0         0         0 3.893e-06         0         0         0         0         0         0         0         0         0         0         0         0         0 1.281e-12         0         0
         0         0         0     13.92         0         0     7.273         0         0         0 0.0009685         0         0         0         0         0         0         0         0         0         0  5.91e-09         0         0         0         0         0
     36.84         0         0         0         0         0     97.53         0         0         0         0      4.47         0         0         0         0         0         0         0         0         0         0         0         0         0         0         0
         0         0         0         0     10.06     97.53         0         0         0         0         0         0         0         0         0         0         0         0         0         0         0 8.176e-09         0         0         0         0         0
         0         0         0         0         0         0         0         0         0         0  0.009389         0         0         0         0         0         0         0         0         0         0  5.73e-08         0         0         0         0         0
     803.9         0         0         0         0         0         0         0         0         0         0         0         0         0         0         0         0         0 0.0008234         0         0         0         0         0         0         0         0
         0     803.9         0         0         0         0         0         0         0         0         0         0         0         0         0         0         0         0 0.0008234         0         0         0         0         0         0         0         0
         0         0 0.0005952 0.0005952   0.05594         0         0   0.05594         0         0         0         0     134.9         0         0         0         0         0         0         0         0         0   0.01528         0         0         0         0
         0         0         0         0         0     258.2         0         0         0         0         0         0         0         0         0         0         0  0.003015         0         0         0         0         0         0         0         0         0
         0         0         0         0         0         0         0         0         0         0     494.1         0         0     219.5   0.05594         0         0         0  0.009389         0         0         0         0         0         0         0         0
         0         0         0         0         0         0         0         0         0         0         0         0     357.2         0         0         0         0         0         0         0    0.1481         0         0         0         0         0         0
         0         0         0         0         0         0         0         0         0         0         0         0    0.1259         0         0         0         0         0         0         0         0         0         0 0.0009685         0         0         0
         0     134.9         0         0         0         0         0         0         0         0         0         0         0         0         0         0         0   0.03438         0   0.03438         0         0         0         0         0         0         0
         0         0         0         0         0         0         0         0         0         0         0         0         0         0         0         0         0         0         0      4.47         0         0         0         0         0         0         0
    0.2409         0         0         0         0         0         0         0         0         0         0    0.2409         0         0         0    0.2409         0         0     3.231    0.3333         0         0         0         0         0         0         0
         0         0         0         0         0         0         0         0    0.2409    0.2409         0         0     0.392         0         0         0         0      4.47         0         0    0.3333         0         0         0         0         0         0
     0.392         0         0         0         0         0         0         0         0         0         0         0         0         0         0     0.392     7.273    0.5423         0         0     3.231         0         0         0         0         0         0
         0         0         0         0         0         0         0         0         0         0         0         0         0     6.183         0         0         0         0    0.5423      4.47         0         0         0         0         0         0         0
         0         0         0         0  0.002564         0  0.002564  0.002564         0         0         0         0         0         0         0         0         0         0         0         0         0         0         0         0 8.761e-06   0.01104         0
         0         0         0         0         0         0         0         0         0         0     158.7         0         0         0         0         0         0         0         0         0         0         0         0         0  1.25e-06         0         0
         0         0         0         0         0         0         0         0         0         0         0         0         0         0     581.1         0         0         0         0         0         0         0         0         0         0         0  1.25e-06
         0         0  0.004171  0.004171         0         0         0         0         0         0         0         0         0         0         0         0         0         0         0         0         0   0.02485  0.002564         0         0         0 0.0007001
         0         0         0         0         0         0         0         0         0         0         0         0         0         0         0         0         0         0         0         0         0      70.5         0         0         0         0   0.01104
         0         0         0         0         0         0         0         0         0         0         0         0         0         0         0         0         0         0         0         0         0         0         0  0.002564    0.3333     2.336         0
