0.000000e+00 3.089234e-01 5.578501e-04 6.905187e-01
1.111111e-02 3.146597e-01 5.534810e-04 6.847868e-01
2.222222e-02 3.203484e-01 5.491432e-04 6.791024e-01
3.333333e-02 3.259899e-01 5.448414e-04 6.734653e-01
4.444444e-02 3.315845e-01 5.405753e-04 6.678749e-01
5.555556e-02 3.371327e-01 5.363447e-04 6.623309e-01
6.666667e-02 3.426349e-01 5.321492e-04 6.568330e-01
7.777778e-02 3.480913e-01 5.279885e-04 6.513807e-01
8.888889e-02 3.535025e-01 5.238623e-04 6.459736e-01
1.000000e-01 3.588688e-01 5.197704e-04 6.406115e-01
1.668101e+00 8.022598e-01 1.816726e-04 1.975585e-01
2.782559e+01 9.999691e-01 3.091390e-05 2.512019e-08
1.000000e+10 9.999691e-01 3.091390e-05 2.452673e-08
