         0     1.038  0.004171  0.004171   0.00134   0.00134         0  5.22e-05 2.728e-05         0
     16.37         0         0         0 0.0002645         0         0         0         0         0
     1.221         0         0     43.33    0.7502         0         0    0.5423   0.02923         0
     1.436         0     50.97         0         0    0.5423         0      4.47   0.03438         0
     1.038   0.01299     1.986         0         0     10.06     10.06         0    0.2049         0
     1.689         0         0     1.986     16.37         0         0         0         0      4.47
         0         0         0         0     19.25         0         0         0      4.47         0
    0.8823         0     31.32     219.5         0         0         0         0     1.689    0.5423
    0.5423         0     1.986     1.986     5.257         0     59.94     1.986         0     219.5
         0         0         0         0         0     219.5         0     1.986     683.5         0
