         0     219.5    0.4611    0.4611  0.003547  0.003547         0         0   0.00134   0.00134         0         0
     494.1         0         0         0         0         0  0.004171  0.004171         0         0   0.00134   0.00134
     3.231         0         0     581.1         0         0         0         0         0         0         0         0
     5.257         0     945.5         0         0         0         0         0         0         0         0         0
     1.038         0         0         0         0     43.33     219.5         0    0.7502         0         0         0
     1.221         0         0         0     50.97         0         0     219.5         0    0.5423         0         0
         0     1.221         0         0     494.1         0         0     43.33         0         0    0.7502         0
         0     1.436         0         0         0     494.1     50.97         0         0         0         0    0.5423
     1.038         0         0         0     1.986         0         0         0         0     10.06     219.5         0
     1.689         0         0         0         0     1.986         0         0     16.37         0         0     219.5
         0     1.038         0         0         0         0     1.986         0     494.1         0         0     10.06
         0     1.689         0         0         0         0         0     1.986         0     494.1     16.37         0
