         0     219.5   0.01104     5.257         0   0.01299         0         0  0.001525         0         0         0         0         0         0
     494.1         0         0         0     5.257         0   0.01299         0         0  0.004906         0         0         0         0         0
    0.3333         0         0    0.3333     7.273         0         0     7.273         0         0         0         0         0         0         0
     219.5         0    0.4611         0     219.5         0         0    0.4611         0         0  0.004171  0.004171         0         0   0.00134
         0     219.5     22.64     494.1         0         0         0         0         0         0         0         0  0.004171  0.004171         0
     6.183         0         0         0         0         0     219.5         0         0         0     1.689     2.747         0         0         0
         0     6.183         0         0         0     494.1         0         0         0         0         0         0     1.689     2.747         0
         0         0     420.1     19.25         0         0         0         0         0         0         0         0         0         0         0
     4.327         0         0         0         0         0         0         0         0         0     5.257     5.257         0         0         0
         0     13.92         0         0         0         0         0         0         0         0         0         0     5.257     5.257         0
         0         0         0     1.221         0     43.33         0         0     22.64         0         0     43.33     219.5         0    0.7502
         0         0         0     1.436         0     82.92         0         0     26.63         0     50.97         0         0     219.5         0
         0         0         0         0     1.221         0     43.33         0         0     22.64     494.1         0         0     43.33         0
         0         0         0         0     1.436         0     82.92         0         0     26.63         0     494.1     50.97         0         0
         0         0         0     1.038         0         0         0         0         0         0     1.986         0         0         0         0
