         0     19.25     19.25         0         0         0         0  0.000311         0 0.0004303  0.000311
     82.92         0         0  0.004171   0.00218  0.004171  0.004171   0.00134         0  0.001853   0.00134
     114.7         0         0  0.004906   0.00218  0.004906  0.004906         0         0         0         0
         0    0.8823    0.7502         0     1.689     31.32     219.5         0    0.5423         0         0
         0    0.5423     0.392     1.986         0     1.986     1.986     5.257     219.5     59.94         0
         0     1.221     1.038     43.33     2.336         0     43.33    0.7502         0         0         0
         0     1.436     1.221     357.2     2.747     50.97         0         0         0    0.6378    0.5423
     1.038     1.038         0         0     16.37     1.986         0         0         0     10.06     10.06
         0         0         0     1.986     683.5         0         0         0         0         0     219.5
     1.986     1.986         0         0     258.2         0     1.986     13.92         0         0     158.7
     1.689     1.689         0         0         0         0     1.986     16.37     357.2     186.6         0
