         0     219.5   0.01299  0.007982         0         0   0.01299         0         0         0
     494.1         0         0   0.01797   0.01299         0         0         0         0         0
     6.183         0         0         0     219.5     3.231         0         0         0         0
     8.554     8.554         0         0         0         0         0 0.0004303         0         0
         0     6.183     494.1         0         0         0         0         0         0         0
         0         0     82.92         0         0         0     82.92         0         0 0.0005952
     420.1         0         0         0         0     219.5         0         0         0         0
         0         0         0    0.1481         0         0         0         0         0         0
         0         0         0         0         0         0         0         0         0     7.273
         0         0         0         0         0     19.25         0         0     8.554         0
