Number_of_missing_ids_per_class:
5s
0

16s
45

23s
28

grpI
43

grpII
9

RNaseP
101

srp
58

telomerase
66

tmRNA
100

tRNA
0

Missing_ids_per_class:
5s

16s
1
2
3
4
6
9
10
14
22
26
28
42
44
50
73
74
75
81
82
84
89
90
91
92
93
94
105
106
107
108
110
129
130
131
132
134
138
161
162
163
164
166
169
170
174

23s
1
2
3
4
9
10
13
14
15
16
21
22
27
28
33
34
40
45
46
49
50
51
52
53
54
56
57
58

grpI
33
34
38
40
47
50
51
52
53
55
69
70
71
72
73
76
80
84
85
86
100
103
104
105
106
115
122
127
128
129
130
132
148
154
175
180
182
183
184
185
186
191
192

grpII
2
7
8
9
13
14
16
17
18

RNaseP
9
10
12
15
22
29
44
65
66
132
146
152
154
162
182
183
184
186
192
214
244
276
283
284
294
295
296
297
298
340
345
349
354
365
366
386
389
390
391
392
408
410
427
430
435
436
437
438
442
444
467
468
487
488
497
498
502
504
517
533
534
541
542
576
578
579
580
583
584
599
600
616
640
642
644
656
660
698
700
702
704
708
732
734
765
766
776
818
822
831
832
833
834
843
851
853
857
858
861
862
893

srp
14
313
314
459
535
536
611
664
668
749
754
870
965
971
972
977
979
980
1143
1144
1145
1146
1147
1148
1189
1190
1327
1328
1330
1336
1385
1387
1389
1391
1392
1393
1394
1395
1397
1398
1399
1400
1411
1412
1413
1414
1415
1416
1433
1653
1654
1659
1660
1697
1728
1732
1849
1850

telomerase
1
2
3
4
5
6
8
9
11
12
13
14
15
16
19
20
21
22
23
25
26
27
28
29
30
31
32
33
34
35
36
37
38
39
40
43
44
45
46
47
48
49
50
51
52
53
54
55
56
57
58
59
60
61
62
63
64
65
66
67
69
70
71
72
73
74

tmRNA
4
6
14
21
23
39
75
77
78
86
88
90
129
165
166
169
175
210
227
254
255
259
261
263
265
267
269
271
273
275
277
281
283
309
312
316
318
360
361
393
418
432
445
549
551
557
583
587
595
615
616
617
618
619
625
627
635
637
647
649
668
669
671
673
675
677
679
681
713
719
767
786
788
790
791
792
793
794
795
797
798
800
802
811
813
817
837
857
859
861
863
865
867
869
871
873
875
877
903
911

tRNA

