         0 2.319e-05 2.164e-08         0         0         0 1.705e-16         0         0         0         0         0         0         0 3.472e-18
     6.183         0         0         0         0         0         0         0         0         0         0         0         0         0         0
     581.1         0         0   0.02113         0         0         0         0         0         0         0         0         0         0         0
         0         0    0.1481         0   0.09102         0         0         0         0         0         0         0         0         0         0
         0         0         0     1.689         0         0     59.94         0         0         0         0         0         0         0         0
         0         0         0         0         0         0         0      70.5     36.84     36.84         0         0         0     19.25         0
  0.001576         0         0         0     158.7         0         0         0         0         0         0         0         0         0   0.01528
         0         0         0         0         0     134.9         0         0     186.6     303.7         0         0     19.25         0     19.25
         0         0         0         0         0     114.7         0     303.7         0     303.7         0     19.25         0         0         0
         0         0         0         0         0     158.7         0     683.5     420.1         0     19.25         0         0         0     16.37
         0         0         0         0         0         0         0         0         0     59.94         0     50.97     82.92     16.37     50.97
         0         0         0         0         0         0         0         0     97.53         0     59.94         0         0     19.25     303.7
         0         0         0         0         0         0         0     186.6         0         0     114.7         0         0     97.53     303.7
         0         0         0         0         0     581.1         0         0         0         0     36.84     36.84     158.7         0     36.84
 0.0008234         0         0         0         0         0     0.392     420.1         0     158.7     158.7     803.9     683.5     50.97         0
