         0 8.494e-05         0         0         0         0         0         0 8.375e-15         0         0
      4.47         0     6.183     6.183         0         0         0         0         0         0         0
         0     186.6         0         0         0         0         0  1.46e-11         0         0         0
         0     581.1         0         0     31.32 6.289e-11         0         0         0 2.794e-11         0
         0         0         0     158.7         0         0 2.709e-10         0         0         0 1.023e-10
         0         0         0 0.0001912         0         0     50.97     82.92         0     16.37     50.97
         0         0         0         0 0.0001912     59.94         0         0         0     19.25     303.7
         0         0 0.0001912         0         0     114.7         0         0         0     97.53     303.7
    0.1742         0         0         0         0         0         0         0         0         0   0.04756
         0         0         0 0.0001912         0     36.84     36.84     158.7         0         0     36.84
         0         0         0         0 0.0001912     158.7     803.9     683.5     0.107     50.97         0
