         0  0.009389  0.006787         0         0         0         0         0         0         0  9.85e-15
      4.47         0     8.554         0     6.183         0         0         0         0         0         0
     7.273     19.25         0     7.273     7.273         0         0         0         0         0         0
         0         0     97.53         0         0         0         0         0  1.46e-11         0         0
         0     581.1     303.7         0         0     31.32 6.289e-11         0         0 2.794e-11         0
         0         0         0         0     158.7         0         0 2.709e-10         0         0 1.023e-10
         0         0         0         0 0.0001912         0         0     50.97     82.92     16.37     50.97
         0         0         0         0         0 0.0001912     59.94         0         0     19.25     303.7
         0         0         0 0.0001912         0         0     114.7         0         0     97.53     303.7
         0         0         0         0 0.0001912         0     36.84     36.84     158.7         0     36.84
  0.004171         0         0         0         0 0.0001912     158.7     803.9     683.5     50.97         0
