         0  6.14e-05  6.14e-05  6.14e-05         0         0         0         0         0         0
  0.009389         0     31.32     10.06         0         0  0.001576         0         0         0
   0.01104     36.84         0     1.689         0         0         0  0.001576         0         0
   0.04756     50.97     7.273         0         0         0         0         0  0.001576         0
         0         0         0         0         0 0.0005061         0         0   0.00577         0
         0         0         0         0   0.00577         0         0         0    0.2049         0
         0    0.3333         0         0         0         0         0     31.32     10.06         0
         0         0    0.3333         0         0         0     36.84         0     1.689 2.164e-08
         0         0         0    0.3333    0.6378     1.986     50.97     7.273         0         0
         0         0         0         0         0         0         0   0.01104         0         0
