         0 4.015e-07         0         0         0  6.14e-05         0         0         0         0         0         0
 7.222e-05         0         0         0   0.00577         0         0     6.183         0         0         0         0
         0         0         0         0         0    0.2409         0    0.5423         0  0.001576         0         0
         0         0         0         0 0.0004303         0     7.273         0         0         0         0         0
         0     0.107         0 0.0009685         0         0 0.0009685         0     2.747         0         0         0
    0.2049         0    0.7502         0         0         0         0         0         0         0         0         0
         0         0         0     22.64   0.00134         0         0         0         0         0         0         0
         0     357.2     5.257         0         0         0         0         0         0         0         0         0
         0         0         0         0     59.94         0         0         0         0   0.02923 2.164e-08         0
         0         0    0.3333         0         0         0         0         0   0.09102         0         0 2.164e-08
         0         0         0         0         0         0         0         0   0.01104         0         0   0.02923
         0         0         0         0         0         0         0         0         0   0.01104   0.09102         0
