         0 4.872e-08         0         0  6.14e-05         0         0         0         0         0         0         0
 1.212e-05         0    0.1481         0         0   0.01797         0         0         0         0         0         0
         0    0.6378         0         0   0.02923         0    0.6378         0         0  0.001576         0         0
         0         0         0         0         0  5.22e-05         0    0.8823         0         0         0         0
    0.2049         0   0.09102         0         0         0         0         0         0         0         0         0
         0    0.3333         0 0.0001625         0         0   0.01797 0.0001625     2.747         0         0         0
         0         0     6.183         0         0   0.04044         0         0         0         0         0         0
         0         0         0     22.64         0   0.00134         0         0         0         0         0         0
         0         0         0         0         0     59.94         0         0         0  0.004906 2.164e-08         0
         0         0    0.3333         0         0         0         0         0   0.01104         0         0 2.164e-08
         0         0         0         0         0         0         0         0   0.01104         0         0  0.004906
         0         0         0         0         0         0         0         0         0   0.01104   0.01104         0
