         0     258.2         0         0 4.578e-06         0         0         0         0         0
     683.5         0 3.522e-08 3.522e-08         0 7.926e-08         0         0         0         0
         0 1.212e-05         0     16.37 0.0007001         0  0.001576         0         0         0
         0 2.728e-05     36.84         0         0         0         0  0.001576         0         0
   0.01299         0   0.00218         0         0 8.494e-05         0         0 0.0009685         0
         0   0.00577         0         0   0.00577         0         0         0    0.2049         0
         0         0    0.3333         0         0         0         0     16.37     5.257         0
         0         0         0    0.3333         0         0     36.84         0     1.689 2.164e-08
         0         0         0         0    0.6378     1.986     50.97     7.273         0         0
         0         0         0         0         0         0         0   0.01104         0         0
