         0         0  6.14e-05  6.14e-05         0         0         0         0         0         0
         0         0         0         0         0   0.00134 0.0002248 0.0004303         0         0
    0.2049         0         0         0     1.221  0.001576         0         0         0         0
    0.2049         0         0         0     1.221         0         0         0         0         0
         0         0     5.257     5.257         0         0         0  0.001576         0         0
         0   0.04044   0.02113         0         0         0     2.747   0.07738         0         0
         0    0.1481         0         0         0     59.94         0     1.221 2.164e-08         0
         0    0.8823         0         0    0.3333     5.257       3.8         0         0 2.164e-08
         0         0         0         0         0         0   0.01104         0         0     1.221
         0         0         0         0         0         0         0   0.01104       3.8         0
