         0  1.25e-06         0  6.14e-05         0         0         0         0         0         0
 0.0002248         0         0     19.25         0   0.01797         0         0         0         0
         0         0         0         0         0   0.00134         0 0.0004303         0         0
    0.1742     303.7         0         0     31.32         0         0         0         0         0
         0         0         0     36.84         0         0         0  0.001576         0         0
         0    0.3333  0.003015         0         0         0     2.747         0         0         0
         0         0         0         0         0     59.94         0   0.09102 2.164e-08         0
         0         0    0.2049         0    0.3333         0    0.8823         0         0 2.164e-08
         0         0         0         0         0         0   0.01104         0         0   0.09102
         0         0         0         0         0         0         0   0.01104    0.8823         0
