         0    0.2049    0.2049    0.2049 2.164e-08         0         0         0         0         0
     16.37         0     186.6         0  3.31e-06         0         0         0         0 4.723e-07
     31.32     357.2         0         0  3.31e-06         0         0         0         0         0
      70.5         0         0         0         0         0         0   0.02923  3.31e-06         0
   0.01104   0.02113   0.01104         0         0         0         0         0     22.64         0
         0         0         0         0         0         0         0     494.1         0  0.007982
         0         0         0         0         0         0         0         0     186.6  0.009389
         0         0         0     186.6         0     803.9         0         0         0         0
         0         0         0   0.03438     158.7         0     420.1         0         0         0
         0    0.6378         0         0         0    0.6378    0.6378         0         0         0
