         0         0         0 0.0001382 2.034e-06         0         0 2.034e-06         0         0
         0         0    0.8823     1.689         0         0         0         0         0         0
         0     3.231         0         0     1.689         0    0.8823         0         0         0
  0.002564     7.273         0         0    0.8823    0.2409         0         0         0         0
 0.0001382         0     7.273     3.231         0         0      4.47    0.2409         0   0.01104
         0         0         0      4.47         0         0         0    0.8823         0         0
         0         0     22.64         0     26.63         0         0         0         0  0.007982
   0.00134         0         0         0     2.336     1.689         0         0         0         0
         0         0         0         0         0         0         0         0         0     97.53
         0         0         0         0     16.37         0     1.986         0     803.9         0
