         0 0.0001382 2.034e-06         0         0         0         0         0         0         0         0         0         0         0         0
  0.000311         0    0.8823   0.00577         0         0         0         0         0         0  5.73e-08         0  5.73e-08         0         0
 1.677e-05     3.231         0         0    0.6378   0.00577         0         0         0         0         0  5.73e-08         0         0  5.73e-08
         0     1.689         0         0         0    0.8823 0.0002645 0.0002645         0         0         0         0         0         0         0
         0         0     134.9         0         0         0         0         0         0         0         0         0         0 1.972e-05         0
         0         0     1.689     3.231         0         0         0         0 0.0002645 0.0002645         0         0         0         0         0
         0         0         0    0.7502         0         0         0     803.9    0.8823         0         0         0         0         0         0
         0         0         0    0.8823         0         0     945.5         0         0    0.8823     1.689         0         0         0         0
         0         0         0         0         0    0.7502     3.231         0         0     803.9         0         0         0         0         0
         0         0         0         0         0    0.8823         0     3.231     945.5         0         0     1.689         0 0.0008234         0
         0    0.2409         0         0         0         0         0     7.273         0         0         0    0.8823    0.2409         0         0
         0         0    0.2409         0         0         0         0         0         0     7.273     3.231         0         0    0.1742    0.2409
         0      4.47         0         0         0         0         0         0         0         0      4.47         0         0         0    0.8823
         0         0         0         0     1.986         0         0         0         0   0.01797         0    0.8823         0         0    0.8823
         0         0     2.336         0         0         0         0         0         0         0         0     2.336     1.689     1.689         0
