         0         0    0.8823         0         0         0         0 0.0005061         0         0 0.0005061         0         0
         0         0 6.334e-06         0         0         0         0 2.319e-05         0 2.034e-06         0 2.034e-06 2.034e-06
     3.231 1.677e-05         0         0         0         0         0         0     1.689 0.0005061         0         0 0.0005061
         0         0         0         0     803.9    0.8823         0         0         0         0         0         0         0
         0         0         0     945.5         0         0    0.8823     1.689         0         0         0         0         0
         0         0         0     3.231         0         0     803.9         0         0         0         0         0         0
         0         0         0         0     3.231     945.5         0         0         0     1.689         0 0.0008234         0
    0.2409  0.007982         0         0     7.273         0         0         0         0    0.8823    0.2409         0         0
         0         0     357.2         0         0         0         0         0         0         0         0    0.1742         0
         0  0.002564    0.2409         0         0         0     7.273     3.231         0         0         0    0.1742    0.2409
      4.47         0         0         0         0         0         0      4.47         0         0         0         0    0.8823
         0   0.01299         0         0         0         0   0.01797         0     1.986    0.8823         0         0    0.8823
         0   0.02485     2.336         0         0         0         0         0         0     2.336     1.689     1.689         0
