         0         0         0 0.0001382 8.494e-05 2.034e-06 2.034e-06 2.034e-06  0.009389         0
         0         0    0.8823     1.689   0.01528         0         0         0         0         0
         0     3.231         0         0         0   0.01528     1.689    0.8823   0.00218   0.00577
   0.04044     7.273         0         0       3.8         0    0.8823         0         0         0
   0.02923   0.07738         0      4.47         0    0.8823         0         0         0         0
   0.00134         0   0.04044         0     1.689         0     2.336         0         0     0.107
   0.00218         0     7.273     3.231         0       3.8         0      4.47         0    0.1742
   0.01299         0     22.64         0         0         0     26.63         0         0    0.1259
     82.92         0   0.07738         0         0         0         0         0         0         0
         0         0     2.336         0         0     16.37     16.37     1.986         0         0
