0.000000e+00 3.177307e-01 5.104245e-02 6.267761e-02 6.744892e-17 4.256810e-18 9.278127e-17 1.220418e-01 5.528181e-02 4.248879e-02 2.605524e-02 4.748280e-04 3.764054e-03 8.342446e-02 1.301356e-03 2.602085e-18 4.970174e-04 1.465991e-01 8.662079e-02
1.111111e-02 3.269709e-01 6.156566e-02 3.201266e-02 6.865661e-03 9.440607e-03 4.899193e-03 1.240690e-01 5.271455e-02 4.135409e-02 2.533532e-02 5.401226e-04 4.338609e-03 7.977756e-02 1.340841e-03 7.855641e-04 5.007956e-04 1.416194e-01 8.586943e-02
2.222222e-02 3.343864e-01 6.545585e-02 2.275970e-02 1.190707e-02 7.926292e-03 9.150022e-03 1.252265e-01 5.046146e-02 4.112205e-02 2.520608e-02 5.531079e-04 4.927806e-03 7.629132e-02 1.386883e-03 8.086600e-04 4.967403e-04 1.368095e-01 8.512458e-02
3.333333e-02 3.411983e-01 6.682899e-02 1.871237e-02 1.433690e-02 7.045158e-03 1.283564e-02 1.259199e-01 4.847408e-02 4.116847e-02 2.523905e-02 5.526134e-04 5.486940e-03 7.295879e-02 1.386510e-03 8.121708e-04 4.947223e-04 1.321632e-01 8.438618e-02
4.444444e-02 3.477825e-01 6.709160e-02 1.686510e-02 1.550096e-02 6.644485e-03 1.602786e-02 1.264381e-01 4.671130e-02 4.128759e-02 2.531392e-02 5.463977e-04 6.005892e-03 6.977330e-02 1.376632e-03 8.115333e-04 4.938078e-04 1.276749e-01 8.365418e-02
5.555556e-02 3.542936e-01 6.686348e-02 1.600632e-02 1.607320e-02 6.465214e-03 1.878874e-02 1.268721e-01 4.513825e-02 4.141800e-02 2.539490e-02 5.377981e-04 6.484760e-03 6.672842e-02 1.364556e-03 8.098050e-04 4.932228e-04 1.233392e-01 8.292852e-02
6.666667e-02 3.607925e-01 6.642322e-02 1.559169e-02 1.636412e-02 6.383525e-03 2.117198e-02 1.272504e-01 4.372537e-02 4.154166e-02 2.547148e-02 5.283086e-04 6.925515e-03 6.381801e-02 1.351798e-03 8.076529e-04 4.926757e-04 1.191508e-01 8.220917e-02
7.777778e-02 3.672993e-01 6.589533e-02 1.537478e-02 1.651662e-02 6.343392e-03 2.322408e-02 1.275826e-01 4.244765e-02 4.165350e-02 2.554073e-02 5.185929e-04 7.330392e-03 6.103618e-02 1.338709e-03 8.052390e-04 4.920734e-04 1.151049e-01 8.149605e-02
8.888889e-02 3.738159e-01 6.533474e-02 1.524416e-02 1.659712e-02 6.319741e-03 2.498540e-02 1.278721e-01 4.128392e-02 4.175227e-02 2.560193e-02 5.089400e-04 7.701580e-03 5.837727e-02 1.325395e-03 8.026126e-04 4.913897e-04 1.111965e-01 8.078912e-02
1.000000e-01 3.803374e-01 6.476511e-02 1.514967e-02 1.663704e-02 6.301505e-03 2.649097e-02 1.281210e-01 4.021630e-02 4.183790e-02 2.565504e-02 4.994705e-04 8.041157e-03 5.583588e-02 1.311905e-03 7.997956e-04 4.906184e-04 1.074209e-01 8.008832e-02
1.668101e+00 8.476633e-01 1.864644e-02 4.892665e-03 6.096025e-03 2.149762e-03 1.917633e-03 5.750501e-02 1.341780e-03 1.882016e-02 1.155042e-02 8.981305e-05 3.802958e-03 4.646422e-04 2.971745e-04 2.791469e-04 1.947934e-04 8.673516e-04 2.342097e-02
2.782559e+01 9.999203e-01 4.277019e-05 1.168127e-05 9.930107e-06 4.411944e-06 4.411281e-06 2.712095e-06 1.959654e-06 8.709926e-07 5.353165e-07 2.021863e-07 1.461662e-07 3.991426e-08 1.281911e-08 1.282069e-08 6.702964e-09 4.840753e-09 3.361885e-10
1.000000e+10 9.999203e-01 4.276992e-05 1.168127e-05 9.929745e-06 4.411942e-06 4.411277e-06 2.712111e-06 1.959651e-06 8.710202e-07 5.353143e-07 2.021864e-07 1.461536e-07 3.991615e-08 1.281748e-08 1.282030e-08 6.703200e-09 4.840523e-09 3.070870e-10
