         0         0         0         0         0   0.01797         0 8.494e-05     22.64         0         0         0         0         0         0         0         0         0
         0         0     258.2 2.709e-10         0         0     26.63         0         0         0         0         0         0 2.709e-10         0         0         0         0
         0     683.5         0         0         0         0         0         0         0  6.41e-09         0         0         0         0         0         0         0         0
         0 8.434e-10         0         0         0         0         0     50.97         0     0.392         0     13.92   0.09102         0         0         0         0         0
         0         0         0         0         0     19.25         0         0         0         0         0         0         0         0         0         0         0         0
    0.4611         0         0         0     50.97         0         0   0.00218   0.06579         0         0         0         0         0         0         0         0         0
         0     258.2         0         0         0         0         0         0         0         0         0         0         0         0         0         0 0.0002248         0
  0.003015         0         0     186.6         0  0.003015         0         0 0.0009685         0 2.393e-06         0         0         0         0   0.09102         0         0
     945.5         0         0         0         0     0.107         0  0.001139         0         0       3.8         0         0         0         0         0         0         0
         0         0 7.309e-08       3.8         0         0         0         0         0         0         0         0         0         0         0         0         0         0
         0         0         0         0         0         0         0 1.212e-05     16.37         0         0         0         0         0         0         0         0         0
         0         0         0     581.1         0         0         0         0         0         0         0         0         0    0.2834         0         0         0         0
         0         0         0     43.33         0         0         0         0         0         0         0         0         0         0     0.107         0         0         0
         0 4.723e-07         0         0         0         0         0         0         0         0         0       3.8         0         0         0         0         0         0
         0         0         0         0         0         0         0         0         0         0         0         0    0.2834         0         0         0 1.898e-09     50.97
         0         0         0         0         0         0         0     43.33         0         0         0         0         0         0         0         0         0     0.107
         0         0         0         0         0         0    0.2834         0         0         0         0         0         0         0  5.91e-09         0         0         0
         0         0         0         0         0         0         0         0         0         0         0         0         0         0     186.6    0.2834         0         0
