         0     50.97   0.00577         0         0   0.09102         0         0         0  0.009389         0         0         0         0         0
     186.6         0         0   0.01386         0         0         0   0.09102         0         0         0         0         0         0         0
     0.392         0         0     50.97         0         0         0         0         0         0         0   0.09102         0         0         0
         0    0.9415     186.6         0 0.0003658         0         0         0 4.438e-05         0         0         0         0   0.09102         0
         0         0         0 0.0005061         0         0         0         0   0.06579         0         0         0         0         0         0
     43.33         0         0         0         0         0     0.107         0         0         0         0         0         0         0         0
         0         0         0         0         0    0.2834         0         0         0   0.02923     50.97         0   0.00577         0         0
         0     43.33         0         0         0         0         0         0         0         0     0.107         0         0         0         0
         0         0         0 0.0005061    0.5423         0         0         0         0         0         0         0         0         0         0
     43.33         0         0         0         0         0     0.107         0         0         0         0         0         0         0         0
         0         0         0         0         0         0     186.6    0.2834         0         0         0         0         0         0   0.01386
         0         0     43.33         0         0         0         0         0         0         0         0         0     0.107         0         0
         0         0         0         0         0         0     0.392         0         0         0         0    0.2834         0         0     50.97
         0         0         0     43.33         0         0         0         0         0         0         0         0         0         0     0.107
         0         0         0         0         0         0         0         0         0         0    0.9415         0     186.6    0.2834         0
