         0         0  0.001139         0         0         0         0         0         0         0         0     22.64         0         0         0         0         0         0         0         0
         0         0 1.517e-07    0.2049 2.626e-09     50.97         0         0         0         0         0         0         0         0         0         0         0         0         0         0
  0.001853 2.468e-07         0 7.926e-08   0.01104         0     50.97         0         0         0         0   0.00218         0         0         0         0         0         0         0         0
         0    0.6378 1.517e-07         0 2.709e-10         0         0     258.2         0         0     26.63         0         0         0         0         0 2.709e-10         0         0         0
         0 9.617e-09   0.02485 3.186e-10         0         0         0         0         0     50.97         0         0         0    0.1481   0.09102         0         0         0         0         0
         0     186.6         0         0         0         0         0         0     258.2         0         0         0         0         0         0         0         0         0         0         0
         0         0     186.6         0         0         0         0         0         0         0         0         0  6.14e-05         0         0         0         0         0         0         0
         0         0         0     683.5         0         0         0         0         0         0         0         0         0         0         0    0.1742         0         0         0         0
         0         0         0         0         0     683.5         0         0         0         0         0  1.72e-10         0         0         0         0         0         0         0         0
         0         0         0         0     186.6         0         0         0         0         0         0 0.0009685 2.393e-06         0         0         0         0   0.09102         0         0
         0         0         0     258.2         0         0         0         0         0         0         0         0         0         0         0         0         0         0         0 0.0002248
     945.5         0   0.05594         0         0         0         0         0 7.407e-10  0.003015         0         0       3.8         0         0         0         0         0         0         0
         0         0         0         0         0         0 0.0007001         0         0 1.212e-05         0     6.183         0         0         0         0         0         0         0         0
         0         0         0         0       3.8         0         0         0         0         0         0         0         0         0         0 7.309e-08         0         0         0         0
         0         0         0         0     43.33         0         0         0         0         0         0         0         0         0         0         0     0.107         0         0         0
         0         0         0         0         0         0         0     59.94         0         0         0         0         0 2.206e-06         0         0         0         0         0         0
         0         0         0 4.015e-07         0         0         0         0         0         0         0         0         0         0    0.2834         0         0         0     50.97 7.171e-10
         0         0         0         0         0         0         0         0         0     43.33         0         0         0         0         0         0         0         0     0.107         0
         0         0         0         0         0         0         0         0         0         0         0         0         0         0         0         0     186.6    0.2834         0         0
         0         0         0         0         0         0         0         0         0         0    0.2834         0         0         0         0         0  5.91e-09         0         0         0
