         0     258.2     1.986         0         0         0         0         0         0         0         0 3.414e-07         0         0         0         0         0         0         0         0
     683.5         0         0         0         0         0         0         0         0  0.001139         0 9.038e-07 2.067e-06         0         0 7.926e-08         0         0         0         0
     31.32         0         0         0         0         0         0         0         0         0         0         0         0         0  0.000311         0         0         0         0         0
         0         0         0         0         0  0.009389         0  0.009389         0         0 0.0001175         0         0 4.723e-07         0         0         0 9.617e-09         0 1.167e-09
         0         0         0         0         0         0         0         0         0    0.2049         0         0         0         0         0         0         0         0  0.000311         0
         0         0         0     22.64         0         0     78.98     26.63         0         0         0         0         0         0 1.597e-05         0         0         0 2.994e-08 4.723e-07
         0         0         0         0         0     139.4         0         0     26.63         0         0 6.659e-05         0         0         0 4.093e-05         0         0         0         0
         0         0         0     43.33         0     50.97         0         0         0         0         0 7.222e-05         0         0         0         0         0         0 9.323e-08 4.723e-07
         0         0         0         0         0         0     65.01         0         0         0         0         0         0         0         0         0         0  9.99e-05         0         0
         0     357.2         0         0     303.7         0         0         0         0         0         0         0         0         0         0         0         0         0         0         0
         0         0         0     5.257         0         0         0         0         0         0         0         0         0   0.04756         0         0         0         0         0 0.0001382
    0.8823    0.8823         0         0         0         0 0.0008234 0.0008234         0         0         0         0    0.8823 0.0001912         0   0.07738         0     1.221         0 0.0001625
         0     12.03         0         0         0         0         0         0         0         0         0     5.257         0         0         0         0         0         0         0         0
         0         0         0    0.2409         0         0         0         0         0         0    0.5423  0.001853         0         0         0         0         0  0.001853  0.009389   0.04044
         0         0     803.9         0         0  0.005496         0         0         0         0         0         0         0         0         0   0.04044     258.2   0.07738         0         0
         0     2.336         0         0         0         0   0.01528         0         0         0         0     2.336         0         0   0.07738         0         0    0.1481         0         0
         0         0         0         0         0         0         0         0         0         0         0         0         0         0     581.1         0         0   0.07738   0.01299         0
         0         0         0   0.09102         0         0         0         0   0.09102         0         0     219.5         0   0.03438    0.8823    0.8823     0.392         0   0.06579   0.02923
         0         0         0         0     803.9 0.0003658         0 0.0005952         0         0         0         0         0    0.5423         0         0    0.2049    0.2049         0    0.5423
         0         0         0   0.07738         0   0.01299         0  0.006787         0         0    0.2049    0.2049         0     5.257         0         0         0    0.2049     1.221         0
