         0     258.2     8.554         0  5.91e-09         0         0         0         0 3.414e-07
     683.5         0         0 3.455e-10         0         0         0         0         0         0
     26.63         0         0         0         0  5.91e-09         0         0 3.414e-07         0
         0  4.78e-10         0         0         0         0 0.0007001         0 4.407e-10         0
 2.903e-07         0         0         0         0         0         0     8.554         0         0
         0         0 2.903e-07         0         0         0         0     50.97         0         0
         0         0         0   0.06579         0         0         0     1.038 1.096e-07         0
         0         0         0         0     158.7     303.7     2.747         0 2.903e-07         0
         0         0    0.2834  0.000311         0         0 0.0008234 0.0008234         0      4.47
    0.8823         0         0         0         0         0         0         0      4.47         0
