         0     50.97         0         0         0         0         0         0         0 8.761e-06         0         0         0         0         0         0         0         0
     186.6         0 2.393e-06  0.003015         0         0         0         0 4.015e-07         0         0 8.761e-06         0         0         0         0 4.723e-07         0
         0 1.212e-05         0         0         0 0.0007001         0         0    0.2049         0         0         0         0 8.761e-06         0         0         0         0
         0    0.6378         0         0         0         0         0     8.554         0         0         0         0         0         0         0         0         0         0
         0         0         0         0         0         0     50.97         0         0     10.06         0         0         0         0         0         0         0         0
         0         0   0.06579         0         0         0         0    0.5423         0         0         0         0         0         0         0         0         0         0
         0         0         0         0     186.6         0         0         0         0         0         0     10.06         0         0         0         0         0         0
         0         0         0     50.97         0     1.436         0         0         0         0         0         0         0         0         0         0         0         0
         0 0.0007001      70.5         0         0         0         0         0         0         0     26.63         0         0         0         0   0.07738         0         0
    0.2834         0         0         0     258.2         0         0         0         0         0         0     50.97         0         0 8.974e-12         0         0         0
         0         0         0         0         0         0         0         0     258.2         0         0         0         0         0         0         0         0 0.0002248
         0    0.2834         0         0         0         0     258.2         0         0     186.6         0         0         0         0         0         0         0 1.063e-06
         0         0         0         0         0         0         0         0         0         0         0         0         0      70.5         0         0         0    0.3333
         0         0     1.986         0         0         0         0         0         0         0         0         0     114.7         0         0         0         0         0
         0         0         0         0         0         0         0         0         0 1.614e-09         0         0         0         0         0         0         0         0
         0         0         0         0         0         0         0         0     82.92         0         0         0         0         0         0         0   0.02485         0
         0    0.8823         0         0         0         0         0         0         0         0         0         0         0         0         0   0.02485         0         0
         0         0         0         0         0         0         0         0         0         0    0.2834 0.0007001     10.06         0         0         0         0         0
