         0         0     50.97         0         0     3.231         0 5.086e-12         0         0         0         0         0
         0         0         0     50.97         0     13.92         0         0 5.086e-12         0         0         0         0
     186.6         0         0     3.231         0         0    0.7502         0         0 4.015e-07         0         0         0
         0     186.6     10.06         0         0         0     2.336         0         0         0 4.015e-07         0         0
         0         0         0         0         0     43.33     50.97         0         0         0         0 5.086e-12         0
     258.2     357.2         0         0     59.94         0         0         0         0         0         0         0         0
         0         0     43.33     43.33     186.6         0         0         0         0         0         0         0 4.015e-07
 2.421e-09         0         0         0         0         0         0         0     3.231         0         0    0.7502         0
         0 2.421e-09         0         0         0         0         0     10.06         0         0         0     2.336         0
         0         0 0.0007001         0         0         0         0         0         0         0     3.231         0    0.7502
         0         0         0 0.0007001         0         0         0         0         0     10.06         0         0     2.336
         0         0         0         0 2.421e-09         0         0     43.33     43.33         0         0         0         0
         0         0         0         0         0         0 0.0007001         0         0     43.33     43.33         0         0
