         0     50.97     50.97         0         0         0         0 4.723e-07         0         0         0         0         0         0 2.882e-12
     186.6         0         0     8.554         0         0 4.015e-07         0         0         0         0         0         0         0         0
     186.6         0         0         0         0         0 6.739e-08         0         0         0         0         0         0         0         0
         0     16.37         0         0         0         0 7.684e-07         0         0         0         0         0         0         0         0
         0         0         0         0         0     258.2         0         0         0         0         0         0         0         0         0
         0         0         0         0     683.5         0         0         0         0         0         0         0         0         0 3.893e-06
         0 0.0007001 0.0001175 0.0007001         0         0         0         0    0.1481         0         0         0         0         0 1.961e-09
    0.8823         0         0         0         0         0         0         0         0         0         0         0  0.007982         0         0
         0         0         0         0         0         0     82.92         0         0      5.89         0         0         0         0         0
         0         0         0         0         0         0         0         0     13.26         0     683.5         0         0         0         0
         0         0         0         0         0         0         0         0         0     803.9         0     6.183         0         0         0
         0         0         0         0         0         0         0         0         0         0     50.97         0         0   0.07738         0
         0         0         0         0         0         0         0    0.6378         0         0         0         0         0    0.1481         0
         0         0         0         0         0         0         0         0         0         0         0    0.2409    0.2409         0    0.6378
 0.0008234         0         0         0         0    0.8823 8.774e-05         0         0         0         0         0         0    0.7502         0
