         0         0         0         0 9.829e-05         0         0         0         0         0 5.555e-07         0
         0         0     258.2         0         0         0         0  5.91e-09         0         0         0         0
         0     683.5         0 1.565e-08         0         0         0 1.565e-08         0         0         0 3.893e-06
         0         0  1.84e-08         0         0         0         0     36.84         0         0         0 4.273e-09
   0.01768         0         0         0         0         0         0         0         0         0 0.0007001 1.961e-09
         0         0         0         0         0         0         0     186.6     50.97         0         0         0
         0         0         0         0         0         0         0         0         0     36.84         0         0
         0 2.903e-07 2.903e-07     581.1         0     581.1         0         0         0         0     50.97 6.739e-08
         0         0         0         0         0     186.6         0         0         0     8.554     186.6         0
         0         0         0         0         0         0     186.6         0     16.37         0         0         0
   0.00134         0         0         0  0.009389         0         0     186.6     581.1         0         0         0
         0         0    0.8823 0.0008234 8.774e-05         0         0 0.0008234         0         0         0         0
