         0         0         0         0  3.39e-12 3.497e-13         0         0  3.39e-12         0         0         0         0         0         0         0         0         0         0         0
         0         0     50.97   0.01386         0         0         0   0.09102         0         0         0         0         0         0         0         0         0         0         0         0
         0     186.6         0         0         0   0.01386         0         0         0         0   0.09102         0         0         0         0         0         0         0         0         0
         0    0.1344         0         0         0     50.97         0         0         0         0         0         0   0.09102         0         0   0.01299         0         0         0         0
 3.747e-10         0         0         0         0         0   0.01797         0  0.009389         0         0         0         0         0         0         0         0         0         0         0
 1.023e-10         0    0.1344     186.6         0         0   0.00134         0 6.334e-06         0         0         0         0         0   0.09102         0         0         0   0.01299         0
         0         0         0         0   0.06579  0.001853         0         0         0         0         0         0         0         0         0         0         0         0         0         0
         0     43.33         0         0         0         0         0         0         0     0.107         0         0         0         0         0         0         0         0         0         0
 2.164e-08         0         0         0    0.5423 0.0001382         0         0         0         0         0         0         0         0         0         0         0         0         0         0
         0         0         0         0         0         0         0    0.2834         0         0         0     50.97         0   0.01386         0         0         0         0         0         0
         0         0     43.33         0         0         0         0         0         0         0         0     0.107         0         0         0         0         0         0         0         0
         0         0         0         0         0         0         0         0         0     186.6    0.2834         0         0         0         0         0   0.01386         0         0         0
         0         0         0     43.33         0         0         0         0         0         0         0         0         0     0.107         0         0         0         0         0         0
         0         0         0         0         0         0         0         0         0    0.1344         0         0    0.2834         0         0   0.04044     50.97     1.038         0         0
         0         0         0         0         0     43.33         0         0         0         0         0         0         0         0         0         0     0.107         0         0         0
         0         0         0     43.33         0         0         0         0         0         0         0         0         0     0.107         0         0         0         0         0         0
         0         0         0         0         0         0         0         0         0         0         0    0.1344         0     186.6    0.2834         0         0         0   0.04044     1.038
         0         0         0         0         0         0         0         0         0         0         0         0         0      4.47         0         0         0         0         0     50.97
         0         0         0         0         0     43.33         0         0         0         0         0         0         0         0         0         0     0.107         0         0         0
         0         0         0         0         0         0         0         0         0         0         0         0         0         0         0         0      4.47     186.6         0         0
