         0     50.97   0.01104         0   0.01528         0         0         0         0         0
     186.6         0         0   0.01104         0         0 4.015e-07         0         0         0
    0.2834         0         0     50.97    0.2834         0         0 5.086e-12         0         0
         0    0.2834     186.6         0         0    0.2834         0         0 4.015e-07         0
     13.92         0     10.06         0         0     50.97         0         0         0         0
         0         0         0     10.06     186.6         0         0         0         0 4.015e-07
         0 0.0007001         0         0         0         0         0         0   0.01104   0.01528
         0         0 2.421e-09         0         0         0         0         0         0         0
         0         0         0 0.0007001         0         0    0.2834         0         0    0.2834
         0         0         0         0         0 0.0007001     13.92         0     10.06         0
