         0         0 8.494e-05     22.64         0         0         0         0         0         0         0         0         0         0
         0         0     50.97         0         0   0.09102         0         0 5.086e-12         0         0         0         0         0
  0.003015     186.6         0 0.0009685 2.393e-06         0         0         0         0   0.09102         0         0         0         0
     945.5         0  0.001139         0       3.8         0         0         0         0         0         0         0         0         0
         0         0 1.212e-05     16.37         0         0         0         0         0         0         0         0         0         0
         0     43.33         0         0         0         0         0     0.107         0         0         0         0         0         0
         0         0         0         0         0         0         0         0     258.2         0         0         0     26.63         0
         0         0         0         0         0    0.2834         0         0         0         0 1.958e-10     50.97         0 5.086e-12
         0  6.41e-09         0         0         0         0     683.5         0         0         0         0         0         0         0
         0         0     43.33         0         0         0         0         0         0         0         0     0.107         0         0
         0         0         0         0         0         0         0 6.097e-10         0         0         0         0         0  0.004906
         0         0         0         0         0         0         0     186.6         0    0.2834         0         0         0         0
         0         0         0         0         0         0     258.2         0         0         0         0         0         0 0.0002248
         0         0         0         0         0         0         0 2.347e-08         0         0     7.273         0    0.2834         0
