         0     50.97   0.01386         0         0   0.09102         0         0         0         0         0         0         0         0         0
     186.6         0         0         0   0.01386         0         0         0   0.09102         0         0         0         0         0         0
    0.9415         0         0         0     50.97         0         0         0         0         0         0   0.09102         0         0         0
         0         0         0         0 0.0005061         0         0         0         0   0.02113         0         0         0         0         0
         0    0.9415     186.6  0.001139         0         0         0         0         0 4.438e-05         0         0         0   0.09102         0
     43.33         0         0         0         0         0         0     0.107         0         0         0         0         0         0         0
         0         0         0         0         0         0         0         0         0     13.92         0         0         0         0         0
         0         0         0         0         0    0.2834         0         0         0         0     50.97         0   0.01386         0         0
         0     43.33         0         0         0         0         0         0         0         0     0.107         0         0         0         0
         0         0         0    0.5423 0.0005061         0     50.97         0         0         0         0         0         0         0         0
         0         0         0         0         0         0         0     186.6    0.2834         0         0         0         0         0   0.01386
         0         0     43.33         0         0         0         0         0         0         0         0         0     0.107         0         0
         0         0         0         0         0         0         0    0.9415         0         0         0    0.2834         0         0     50.97
         0         0         0         0     43.33         0         0         0         0         0         0         0         0         0     0.107
         0         0         0         0         0         0         0         0         0         0    0.9415         0     186.6    0.2834         0
