         0     19.25         0 2.709e-10         0         0         0         0         0         0         0         0         0         0
     148.7         0         0         0  0.001407         0         0         0         0         0         0         0         0         0
         0         0         0     50.97         0         0     1.689   0.09102         0         0         0         0         0         0
 2.546e-08         0     186.6         0         0 4.438e-05         0         0         0         0     1.689   0.09102         0         0
         0   0.08669         0         0         0    0.2409         0         0         0         0         0         0         0         0
         0         0         0 0.0005061    0.5423         0         0         0         0         0         0         0         0         0
         0         0     683.5         0         0         0         0         0     0.107         0         0         0         0         0
         0         0     43.33         0         0         0         0         0         0     0.107         0         0         0         0
         0         0         0         0         0         0    0.2834         0         0     8.554         0         0     50.97         0
         0         0         0         0         0         0         0    0.2834     10.06         0         0         0         0     50.97
         0         0         0     683.5         0         0         0         0         0         0         0         0     0.107         0
         0         0         0     43.33         0         0         0         0         0         0         0         0         0     0.107
         0         0         0         0         0         0         0         0     186.6         0    0.2834         0         0     8.554
         0         0         0         0         0         0         0         0         0     186.6         0    0.2834     10.06         0
