         0     50.97         0         0   0.09102         0         0 5.086e-12         0         0         0         0         0         0         0         0         0         0         0         0         0         0
     186.6         0 2.393e-06  0.003015         0         0         0         0         0   0.09102         0         0 4.015e-07         0 8.761e-06         0         0         0         0 4.723e-07         0         0
         0 1.212e-05         0         0         0         0         0         0 0.0007001         0         0         0    0.2049         0         0 8.761e-06 8.761e-06         0         0         0         0         0
         0    0.2049         0         0         0         0         0         0     1.436         0         0         0         0         0         0         0         0         0         0         0         0         0
     43.33         0         0         0         0         0     0.107         0         0         0         0         0         0         0         0         0         0         0         0         0         0         0
         0         0         0         0         0         0         0     258.2         0         0         0     26.63         0         0         0         0         0         0         0         0         0         0
         0         0         0         0    0.2834         0         0         0         0         0     50.97         0         0         0         0         0         0 5.086e-12         0         0         0         0
  6.41e-09         0         0         0         0     683.5         0         0         0         0         0         0         0         0         0         0         0         0         0         0         0         0
         0         0   0.06579     10.06         0         0         0         0         0         0         0         0         0         0         0         0         0         0         0         0         0         0
         0     43.33         0         0         0         0         0         0         0         0     0.107         0         0         0         0         0         0         0         0         0         0         0
         0         0         0         0         0         0     186.6         0         0    0.2834         0         0         0         0     10.06         0         0         0         0         0 2.098e-07         0
         0         0         0         0         0     258.2         0         0         0         0         0         0         0         0         0         0         0 0.0002248         0         0         0         0
         0 0.0007001      70.5         0         0         0         0         0         0         0         0         0         0     26.63         0         0         0         0   0.07738         0         0         0
         0         0         0         0         0         0         0         0         0         0         0         0     258.2         0         0         0         0         0         0         0         0 0.0002248
         0    0.2834         0         0         0         0         0         0         0         0     258.2         0         0         0         0 2.001e-06         0         0         0         0         0 1.063e-06
         0         0    0.2834         0         0         0         0         0         0         0         0         0         0         0 1.014e-05         0     16.37         0         0         0         0   0.07738
         0         0     1.986         0         0         0         0         0         0         0         0         0         0         0         0     114.7         0         0         0         0         0         0
         0         0         0         0         0         0 2.347e-08         0         0         0         0    0.2834         0         0         0         0         0         0         0         0         0         0
         0         0         0         0         0         0         0         0         0         0         0         0     82.92         0         0         0         0         0         0   0.02485         0         0
         0    0.8823         0         0         0         0         0         0         0         0         0         0         0         0         0         0         0         0   0.02485         0         0         0
         0         0         0         0         0         0         0         0         0         0 0.0003658         0         0         0         0         0         0         0         0         0         0     1.038
         0         0         0         0         0         0         0         0         0         0         0         0         0    0.2834 0.0007001     10.06         0         0         0         0     10.06         0
