         0         0  0.004906   0.04044         0 0.0001175 4.723e-07         0         0         0 4.407e-10
         0         0     26.63         0         0         0         0         0         0         0         0
     16.37     50.97         0     43.33 7.222e-05         0         0         0         0 9.323e-08 4.723e-07
     494.1         0     158.7         0         0         0         0         0         0         0         0
         0         0 0.0008234         0         0         0 0.0001912   0.07738         0         0 0.0001625
     5.257         0         0         0         0         0   0.04756         0         0         0 0.0001912
    0.1742         0         0         0  0.001853     0.392         0         0         0  0.009389   0.04044
         0         0         0         0     2.336         0         0         0    0.1481         0         0
         0         0         0         0         0         0         0    0.8823         0         0   0.02923
         0         0 0.0005952         0         0         0    0.5423         0         0         0    0.5423
   0.02113         0  0.006787         0    0.2049    0.2049     5.257         0    0.2049     1.221         0
