         0     258.2         0         0         0         0         0         0 3.414e-07         0         0         0         0         0         0         0
     683.5         0         0         0    0.1259  0.001139         0         0 9.038e-07         0         0         0 7.926e-08         0         0         0
         0         0         0         0         0         0 0.0001175         0         0         0         0 4.723e-07         0         0         0         0
         0         0         0         0         0    0.2049         0         0         0         0         0         0         0         0  0.000311         0
         0     945.5         0         0         0         0         0    0.8542         0         0         0         0         0         0         0         0
         0     357.2         0     303.7         0         0         0         0         0         0         0         0         0         0         0         0
         0         0     5.257         0         0         0         0         0         0         0         0   0.04756         0         0         0 0.0001382
         0         0         0         0     99.13         0         0         0         0    0.6589         0         0         0         0         0         0
    0.8823    0.8823         0         0         0         0         0         0         0         0   0.07865 0.0001912   0.07738     1.221         0 0.0001625
         0         0         0         0         0         0         0    0.7749         0         0         0         0         0         0         0 0.0003213
         0         0         0         0         0         0         0         0    0.2082         0         0         0         0         0 0.0009685         0
         0         0    0.2409         0         0         0    0.5423         0  0.001853         0         0         0         0  0.001853  0.009389   0.04044
         0     2.336         0         0         0         0         0         0     2.336         0         0         0         0    0.1481         0         0
         0         0         0         0         0         0         0         0     219.5         0         0   0.03438    0.8823         0   0.06579   0.02923
         0         0         0     803.9         0         0         0         0         0         0    0.2049    0.5423         0    0.2049         0    0.5423
         0         0         0         0         0         0    0.2049         0    0.2049    0.3857         0     5.257         0    0.2049     1.221         0
