         0         0     50.97         0     0.392         0         0    0.6378         0   0.09102         0         0         0         0         0         0         0         0         0         0         0         0         0         0
         0         0         0     258.2         0         0  3.39e-12         0  3.39e-12         0         0         0         0         0         0  3.39e-12         0         0         0         0         0         0         0         0
     186.6         0         0         0         0         0 4.438e-05         0 2.319e-05         0    0.6378         0   0.09102         0         0         0         0         0         0         0         0         0         0         0
         0     683.5         0         0         0         0         0         0         0         0 5.086e-12         0         0         0         0         0         0         0         0         0         0         0         0         0
      4.47         0         0         0         0     1.986         0         0         0         0         0         0         0         0         0         0         0         0         0         0         0         0         0         0
         0         0         0         0     3.231         0         0   0.04044         0         0         0         0         0         0   0.09102         0         0         0         0         0         0         0         0         0
         0 6.289e-11 0.0005061         0         0         0         0         0   0.05594         0         0         0         0         0         0   0.04044         0         0         0         0         0         0         0         0
     114.7         0         0         0         0     0.392         0         0         0         0     50.97         0         0         0         0         0         0         0   0.09102         0         0         0         0         0
         0 3.747e-10  0.001576         0         0         0    0.3333         0         0         0 0.0005061         0         0         0         0  0.009389         0         0         0         0         0         0         0         0
     43.33         0         0         0         0         0         0         0         0         0         0     0.107         0         0         0         0         0         0         0         0         0         0         0         0
         0         0     114.7 5.622e-10         0         0         0     186.6   0.00134         0         0         0         0         0         0         0         0         0         0         0   0.09102         0         0         0
         0         0         0         0         0         0         0         0         0    0.2834         0         0         0     50.97         0         0     0.392         0         0    0.6378         0         0   0.00577         0
         0         0     43.33         0         0         0         0         0         0         0         0         0         0     0.107         0         0         0         0         0         0         0         0         0         0
         0         0         0         0         0         0         0         0         0         0         0     186.6    0.2834         0         0         0         0         0         0         0         0    0.6378         0   0.00577
         0         0         0         0         0     43.33         0         0         0         0         0         0         0         0         0         0         0     0.107         0         0         0         0         0         0
         0 2.164e-08         0         0         0         0     13.92         0    0.5423         0         0         0         0         0         0         0         0         0         0         0         0         0         0         0
         0         0         0         0         0         0         0         0         0         0         0      4.47         0         0         0         0         0     1.986         0         0         0         0         0         0
         0         0         0         0         0         0         0         0         0         0         0         0         0         0    0.2834         0     3.231         0         0   0.04044         0         0   0.01386         0
         0         0         0         0         0         0         0     43.33         0         0         0         0         0         0         0         0         0         0         0     0.107         0         0         0         0
         0         0         0         0         0         0         0         0         0         0         0     114.7         0         0         0         0         0     0.392    0.2834         0         0     50.97     1.038         0
         0         0         0         0         0         0         0         0         0         0     43.33         0         0         0         0         0         0         0         0         0         0     0.107         0         0
         0         0         0         0         0         0         0         0         0         0         0         0         0     114.7         0         0         0         0         0     186.6    0.2834         0         0     1.038
         0         0         0         0         0         0         0         0         0         0         0      4.47         0         0         0         0         0    0.5787         0      4.47         0         0         0     50.97
         0         0         0         0         0         0         0         0         0         0         0         0         0      4.47         0         0         0         0         0         0         0      4.47     186.6         0
