         0     258.2         0  5.91e-09         0         0         0 3.414e-07         0         0
     683.5         0         0 1.565e-08         0         0         0 3.893e-06         0         0
         0         0         0         0 0.0007001 0.0007001         0 1.961e-09 4.407e-10         0
 2.903e-07 2.903e-07         0         0     50.97         0         0 6.739e-08         0         0
         0         0  0.009389     186.6         0     8.554     8.554         0         0 1.565e-08
         0         0   0.02923         0     26.63         0     50.97         0         0         0
         0         0         0         0     158.7     303.7         0         0 2.903e-07         0
    0.2049    0.8823 8.774e-05 0.0008234         0         0         0         0         0     11.83
         0         0  0.000311         0         0         0 0.0008234         0         0      4.47
         0         0         0         0 0.0008234         0         0     186.6      4.47         0
