         0     50.97         0         0   0.09102         0         0         0 5.086e-12         0         0         0         0         0         0         0         0         0         0         0
     186.6         0 2.393e-06         0         0         0  0.003015         0         0   0.09102         0         0         0         0         0   0.02485         0         0         0         0
         0 1.212e-05         0         0         0         0         0         0         0         0         0         0         0         0         0         0  0.001576 8.761e-06         0         0
         0         0         0         0         0         0         0         0         0         0         0         0         0    0.1481         0         0  0.004906         0         0         0
     43.33         0         0         0         0         0         0     0.107         0         0         0         0         0         0         0         0         0         0         0         0
         0         0         0         0         0         0         0         0     258.2         0         0     26.63         0         0         0         0         0         0         0         0
         0    0.6378         0         0         0         0         0         0         0         0         0         0         0         0     1.436    0.6378         0         0         0         0
         0         0         0         0    0.2834         0         0         0         0         0     50.97         0         0         0         0         0         0         0 5.086e-12         0
  6.41e-09         0         0         0         0     683.5         0         0         0         0         0         0         0         0         0         0         0         0         0         0
         0     43.33         0         0         0         0         0         0         0         0     0.107         0         0         0         0         0         0         0         0         0
         0         0         0         0         0         0         0     186.6         0    0.2834         0         0         0         0         0         0         0         0         0 4.015e-07
         0         0         0         0         0     258.2         0         0         0         0         0         0         0         0         0         0         0         0 0.0002248         0
         0         0         0         0         0         0         0         0         0         0         0         0         0    0.1259     59.94         0         0         0         0         0
         0         0         0     82.92         0         0         0         0         0         0         0         0     0.392         0         0         0         0         0         0         0
         0         0         0         0         0         0     158.7         0         0         0         0         0     494.1         0         0         0         0         0         0         0
         0     581.1         0         0         0         0      70.5         0         0         0         0         0         0         0         0         0         0         0         0         0
         0         0     36.84     36.84         0         0         0         0         0         0         0         0         0         0         0         0         0      70.5         0         0
         0         0    0.2834         0         0         0         0         0         0         0         0         0         0         0         0         0     97.53         0         0    0.7502
         0         0         0         0         0         0         0 2.347e-08         0         0         0    0.2834         0         0         0         0         0         0         0         0
         0         0         0         0         0         0         0         0         0         0 0.0007001         0         0         0         0         0         0     10.06         0         0
