         0     50.97    0.1259         0         0   0.09102    0.2049         0   0.02923         0         0         0         0         0         0         0         0         0         0         0         0
     186.6         0         0 4.438e-05         0         0         0         0         0   0.09102         0   0.02923         0         0         0         0         0         0         0         0         0
      4.47         0         0         0     1.986         0         0         0         0         0         0         0   0.09102         0         0         0         0         0         0         0         0
         0 0.0005061         0         0         0         0         0         0         0         0         0         0         0         0   0.01299         0         0         0         0         0         0
         0         0     3.231         0         0         0   0.04044         0         0         0         0         0         0   0.09102         0         0         0         0         0         0         0
     43.33         0         0         0         0         0         0     0.107         0         0         0         0         0         0         0         0         0         0         0         0         0
     114.7         0         0         0     0.392         0         0         0         0         0         0         0         0         0         0         0         0   0.09102         0         0         0
         0         0         0         0         0    0.2834         0         0   0.09102         0     50.97         0         0         0         0    0.1259         0         0    0.2049  0.001853         0
     43.33         0         0         0         0         0         0     0.107         0         0         0         0         0         0         0         0         0         0         0         0         0
         0     43.33         0         0         0         0         0         0         0         0     0.107         0         0         0         0         0         0         0         0         0         0
         0         0         0         0         0         0         0     186.6         0    0.2834         0   0.09102         0         0         0         0         0         0         0         0  0.001853
         0     43.33         0         0         0         0         0         0         0         0     0.107         0         0         0         0         0         0         0         0         0         0
         0         0     43.33         0         0         0         0         0         0         0         0         0         0         0         0     0.107         0         0         0         0         0
         0         0         0         0     43.33         0         0         0         0         0         0         0         0         0         0         0     0.107         0         0         0         0
         0         0         0     13.92         0         0         0         0         0         0         0         0         0         0         0         0         0         0         0         0         0
         0         0         0         0         0         0         0      4.47         0         0         0         0    0.2834         0         0         0     1.986         0         0         0         0
         0         0         0         0         0         0         0         0         0         0         0         0         0    0.2834         0     3.231         0         0   0.04044   0.01386         0
         0         0         0         0         0         0     43.33         0         0         0         0         0         0         0         0         0         0         0     0.107         0         0
         0         0         0         0         0         0         0     114.7         0         0         0         0         0         0         0         0     0.392    0.2834         0     1.038         0
         0         0         0         0         0         0         0      4.47         0         0         0         0         0         0         0         0    0.5787         0      4.47         0     50.97
         0         0         0         0         0         0         0         0         0         0      4.47         0         0         0         0         0         0         0         0     186.6         0
