         0     50.97         0   0.09102         0         0         0         0         0         0
     186.6         0 4.438e-05         0         0   0.09102         0         0         0         0
         0 0.0005061         0         0         0         0         0         0         0         0
     43.33         0         0         0     0.107         0         0         0         0         0
         0         0         0    0.2834         0         0     50.97   0.02113         0  0.000311
         0     43.33         0         0         0         0     0.107         0         0         0
         0         0         0         0     186.6    0.2834         0         0         0         0
         0         0         0         0      4.47         0         0         0     1.986         0
         0         0         0         0         0         0         0     3.231         0   0.01386
         0         0         0         0      4.47         0         0         0    0.5787         0
