         0     258.2     8.554         0         0  5.91e-09         0         0         0         0         0 3.414e-07
     683.5         0         0         0     8.554         0         0         0         0         0         0         0
     26.63         0         0         0         0         0  5.91e-09         0         0         0 3.414e-07         0
         0         0         0         0         0         0         0         0     36.84         0         0         0
         0     158.7         0         0         0         0         0  6.41e-09  6.41e-09 1.565e-08         0         0
 2.903e-07         0         0         0         0         0         0         0         0     8.554         0         0
         0         0 2.903e-07         0         0         0         0         0         0     50.97         0         0
         0         0         0         0 4.492e-08         0         0         0   0.06579     1.038 1.096e-07         0
         0         0         0     581.1 8.596e-08         0         0    0.1259         0         0 1.614e-09         0
         0         0         0         0 2.903e-07     158.7     303.7     2.747         0         0 2.903e-07         0
         0         0    0.2834         0         0         0         0 0.0008234 6.334e-06 0.0008234         0      4.47
    0.8823         0         0         0         0         0         0         0         0         0      4.47         0
