         0     50.97   0.05594         0         0   0.09102         0         0         0         0         0         0         0
     186.6         0         0   0.05594 3.893e-06         0         0   0.09102         0         0         0         0         0
     0.392         0         0     50.97         0         0         0         0   0.09102         0         0         0         0
         0     0.392     186.6         0 4.438e-05         0         0         0         0         0         0   0.09102         0
         0  0.000311         0 0.0005061         0         0         0         0         0         0         0         0         0
     43.33         0         0         0         0         0     0.107         0         0         0         0         0         0
         0         0         0         0         0    0.2834         0         0         0     50.97   0.05594         0         0
         0     43.33         0         0         0         0         0         0         0     0.107         0         0         0
         0         0     43.33         0         0         0         0         0         0         0     0.107         0         0
         0         0         0         0         0         0     186.6    0.2834         0         0         0         0   0.05594
         0         0         0         0         0         0     0.392         0    0.2834         0         0         0     50.97
         0         0         0     43.33         0         0         0         0         0         0         0         0     0.107
         0         0         0         0         0         0         0         0         0     0.392     186.6    0.2834         0
