         0     258.2     50.97         0         0         0         0         0         0         0         0         0         0
     683.5         0         0     50.97         0 1.565e-08         0         0         0         0 9.038e-07         0         0
     186.6         0         0     258.2         0         0  5.91e-09         0         0         0         0         0 3.414e-07
         0     186.6     683.5         0 3.455e-10         0 1.565e-08         0 1.565e-08         0         0         0 9.038e-07
         0         0         0  4.78e-10         0         0         0         0 0.0007001         0         0 4.407e-10         0
         0 2.903e-07         0         0         0         0     50.97         0         0         0 1.565e-08         0         0
         0         0 2.903e-07 2.903e-07         0     186.6         0     8.554     2.747         0         0         0 1.565e-08
         0         0         0         0         0         0     26.63         0    0.4611         0         0         0         0
         0         0         0 2.034e-06   0.06579         0     19.25     1.038         0     59.94         0 1.096e-07         0
         0         0         0         0         0         0         0         0     494.1         0         0         0 9.038e-07
         0    0.8823         0         0         0 0.0008234         0         0         0         0         0         0     50.97
         0         0         0         0  0.000311         0         0         0 0.0008234         0         0         0      4.47
         0         0    0.8823    0.8823         0         0 0.0008234         0         0 0.0008234     186.6      4.47         0
