         0         0         0         0         0 3.747e-10         0         0         0         0         0         0         0         0         0         0         0         0
         0         0     50.97         0         0   0.01386         0   0.09102         0         0         0         0         0         0         0         0         0         0
         0     186.6         0         0         0         0   0.01386         0         0         0   0.09102         0         0         0         0         0         0         0
         0         0         0         0   0.01797         0         0         0  0.009389         0         0         0         0         0         0         0         0         0
         0         0         0   0.06579         0         0  0.001853         0         0         0         0         0         0         0         0         0         0         0
 1.517e-07    0.9415         0         0         0         0     50.97         0         0         0         0         0   0.09102         0         0         0         0         0
         0         0    0.9415         0  0.009389     186.6         0         0 4.438e-05         0         0         0         0         0         0   0.09102         0         0
         0     43.33         0         0         0         0         0         0         0     0.107         0         0         0         0         0         0         0         0
         0         0         0    0.5423         0         0 0.0001382         0         0         0         0         0         0         0         0         0         0         0
         0         0         0         0         0         0         0    0.2834         0         0         0     50.97         0         0   0.01386         0         0         0
         0         0     43.33         0         0         0         0         0         0         0         0     0.107         0         0         0         0         0         0
         0         0         0         0         0         0         0         0         0     186.6    0.2834         0         0         0         0         0         0   0.01386
         0         0         0         0         0     43.33         0         0         0         0         0         0         0         0     0.107         0         0         0
         0         0         0         0         0         0         0         0         0         0         0         0         0         0      4.47         0     50.97         0
         0         0         0         0         0         0         0         0         0    0.9415         0         0    0.2834     7.273         0         0         0     50.97
         0         0         0         0         0         0     43.33         0         0         0         0         0         0         0         0         0         0     0.107
         0         0         0         0         0         0         0         0         0         0         0         0         0     186.6         0         0         0      4.47
         0         0         0         0         0         0         0         0         0         0         0    0.9415         0         0     186.6    0.2834     7.273         0
