         0     50.97         0         0         0         0         0         0    0.1481         0         0         0     0.107         0         0         0         0         0         0         0         0
     186.6         0     8.554         0         0         0         0         0         0         0         0         0         0         0         0         0         0         0         0         0         0
         0     16.37         0         0         0         0         0         0   0.04756         0         0         0         0         0         0         0         0         0         0         0         0
         0         0         0         0     19.25         0         0         0         0         0 9.829e-05         0 5.555e-07 5.555e-07         0         0         0         0         0         0         0
         0         0         0     148.7         0     393.7         0         0         0         0         0         0         0         0         0         0         0         0         0         0         0
         0         0         0         0     494.1         0         0         0         0     3.231         0         0         0         0         0         0         0         0         0         0         0
         0         0         0         0         0         0         0     258.2         0         0         0         0  5.91e-09         0         0         0         0         0         0         0         0
         0         0         0         0         0         0     683.5         0         0         0         0         0 1.565e-08         0         0         0         0         0         0         0 3.893e-06
     186.6         0     8.554         0         0         0         0         0         0         0         0         0         0         0         0         0         0         0         0         0         0
         0         0         0         0         0     50.97         0         0         0         0         0         0         0         0         0         0         0    0.1259         0         0         0
         0         0         0   0.01768         0         0         0         0         0         0         0         0         0 0.0007001    0.1481         0         0         0         0         0 1.961e-09
         0         0         0         0         0         0         0         0         0         0         0         0     186.6     50.97         0         0         0         0         0         0         0
     581.1         0         0 0.0003658         0         0 2.903e-07 2.903e-07         0         0         0     581.1         0         0         0         0         0         0 4.723e-07         0 6.739e-08
         0         0         0 0.0004303         0         0         0         0         0         0  0.003015     186.6         0         0         0         0         0         0         0         0         0
         0         0         0         0         0         0         0         0         0         0     82.92         0         0         0         0      5.89         0         0         0         0         0
         0         0         0         0         0         0         0         0         0         0         0         0         0         0     13.26         0     683.5         0         0         0         0
         0         0         0         0         0         0         0         0         0         0         0         0         0         0         0     803.9         0         0         0     6.183         0
         0         0         0         0         0         0         0         0         0     494.1         0         0         0         0         0         0         0         0     258.2         0         0
         0         0         0         0         0         0         0         0         0         0         0         0 0.0005952         0         0         0         0     357.2         0   0.02923   0.07738
         0         0         0         0         0         0         0         0         0         0         0         0         0         0         0         0     50.97         0   0.07738         0         0
         0         0         0         0         0         0         0    0.8823         0         0 8.774e-05         0 0.0008234         0         0         0         0         0    0.7502         0         0
