         0         0 1.241e-11         0         0 1.771e-12         0         0         0         0         0         0         0
         0         0   0.07738     2.747         0         0         0         0         0         0 0.0004303   0.02113         0
 4.273e-09    0.4611         0    0.4611     26.63         0     26.63    0.4611         0         0         0         0   0.02113
         0     26.63    0.7502         0     683.5     683.5   0.04044     43.33   0.00134  0.004906         0         0         0
         0         0     43.33     683.5         0         0         0         0         0         0         0         0         0
  9.92e-10         0         0     683.5         0         0         0         0         0         0         0         0         0
         0         0     581.1    0.5423         0         0         0         0         0         0     3.231         0         0
         0         0     11.83     683.5         0         0         0         0         0         0         0         0         0
         0         0         0   0.06579         0         0         0         0         0         0         0         0         0
         0         0         0    0.4611         0         0         0         0         0         0         0         0     3.231
         0    0.5423         0         0         0         0     31.32         0         0         0         0         0       3.8
         0     31.32         0         0         0         0         0         0         0         0         0         0   0.07738
         0         0     31.32         0         0         0         0         0         0     31.32     26.63    0.4611         0
