         0 2.709e-10 2.709e-10     19.25 7.871e-13 4.407e-10 1.241e-11         0 1.281e-12         0
  9.92e-10         0     134.9         0    0.3333   0.00134  0.004906    0.3333  0.003547         0
 3.089e-09     420.1         0         0    0.3333  0.004171   0.01528         0   0.01104         0
     581.1         0         0         0         0         0         0  4.69e-12         0         0
 3.865e-11      4.47     1.436         0         0 0.0003658       3.8     7.273         0         0
 7.926e-08   0.06579   0.06579         0   0.00134         0         0         0 0.0009685 0.0004303
 4.273e-09    0.4611    0.4611         0     26.63         0         0     26.63         0    0.4611
         0     219.5         0 3.747e-10     357.2         0     186.6         0     2.336         0
 5.025e-09       3.8       3.8         0         0   0.02113         0       3.8         0         0
         0         0         0         0         0   0.02113     11.83         0         0         0
