         0 9.257e-13 2.376e-11  0.003547 7.871e-13 7.871e-13         0         0         0         0         0
 8.434e-10         0 1.677e-05         0 1.677e-05 6.739e-08         0         0  0.004171 6.739e-08 2.393e-06
 2.393e-06  0.001853         0         0     82.92         0    0.5423         0         0         0         0
     420.1         0         0         0         0         0         0         0         0 6.334e-06         0
 4.015e-07  0.009389     420.1         0         0     3.231     97.53         0         0         0         0
  1.47e-06 0.0001382         0         0     11.83         0         0         0         0         0         0
         0         0     11.83         0     420.1         0         0   0.04044         0         0         0
         0         0         0         0         0         0     1.986         0     357.2         0         0
         0     581.1         0         0         0         0         0     420.1         0         0    0.3333
         0   0.01299         0  0.009389         0         0         0         0         0         0         0
         0     8.554         0         0         0         0         0         0     8.554         0         0
