         0 9.257e-13 2.376e-11 7.871e-13         0         0         0         0         0         0
 8.434e-10         0 1.677e-05 1.677e-05         0         0         0 1.212e-05         0         0
 2.393e-06  0.001853         0     82.92         0  0.004906         0         0         0         0
 4.015e-07  0.009389     420.1         0  0.006787         0     0.107         0         0         0
         0         0         0     0.107         0         0         0         0   0.09102         0
         0         0     11.83         0         0         0         0   0.04044         0         0
         0         0         0     82.92         0         0         0  0.003547   0.00134         0
         0     8.554         0         0         0     0.107   0.00577         0 2.034e-06 2.034e-06
         0         0         0         0     258.2         0   0.07738 7.222e-05         0     357.2
         0         0         0         0         0         0         0 8.494e-05     420.1         0
