         0     19.25         0         0         0 7.871e-13 1.123e-13 7.871e-13         0         0         0
     581.1         0         0         0  4.69e-12         0         0         0         0         0         0
         0         0         0         0  0.007982         0  0.007982         0         0         0         0
         0         0         0         0         0    0.8823 0.0002645         0         0 7.449e-06         0
         0 3.747e-10    0.1259         0         0  0.003547     26.63   0.00134         0         0         0
 3.089e-09         0         0     3.231   0.00577         0 0.0009685 2.034e-06         0 2.034e-06         0
 8.434e-10         0     0.392  0.001853     82.92  0.001853         0         0     2.747         0    0.5423
 1.096e-07         0         0         0   0.07738 7.222e-05         0         0   0.02113     357.2         0
         0         0         0         0         0         0     50.97   0.02113         0         0         0
         0         0         0  0.001139         0 8.494e-05         0     420.1         0         0   0.02113
         0         0         0         0         0         0     11.83         0         0   0.02113         0
