         0         0         0 9.257e-13 7.871e-13         0 2.376e-11 7.871e-13         0         0         0
         0         0         0         0         0   0.07738 2.319e-05         0         0 6.533e-07         0
         0         0         0         0  0.007982         0  0.007982         0         0         0         0
 3.633e-09         0         0         0         0   0.07738         0         0         0         0         0
  1.84e-08         0    0.1259         0         0  0.003547     26.63   0.00134         0         0         0
         0     3.231         0    0.7502   0.00577         0 0.0009685 2.034e-06         0 2.034e-06         0
  1.73e-06  0.001853     0.392         0     82.92  0.001853         0         0     2.747         0    0.5423
 1.063e-06         0         0         0   0.07738 7.222e-05         0         0   0.02113     357.2         0
         0         0         0         0         0         0     50.97   0.02113         0         0         0
         0  0.001139         0         0         0 8.494e-05         0     420.1         0         0   0.02113
         0         0         0         0         0         0     11.83         0         0   0.02113         0
