         0     19.25         0         0 1.123e-13 7.871e-13 7.871e-13         0         0         0
     581.1         0         0  4.69e-12         0         0         0         0         0         0
         0         0         0  0.007982  0.007982         0         0         0         0         0
         0 3.747e-10   0.03438         0     26.63         0   0.00134         0         0         0
 8.434e-10         0     0.107     82.92         0  0.001853         0     2.747         0    0.5423
 9.617e-09         0         0         0  0.003015         0         0         0 6.334e-06         0
 1.096e-07         0         0   0.07738         0         0         0   0.02113     357.2         0
         0         0         0         0     50.97         0   0.02113         0         0         0
         0         0         0         0         0 8.494e-05     420.1         0         0   0.02113
         0         0         0         0     11.83         0         0         0   0.02113         0
