         0         0         0         0         0         0         0 6.692e-13         0 2.376e-11
         0         0    0.4611     2.747         0         0         0         0  5.22e-05         0
         0      4.47         0      70.5   0.04044   0.00134  0.004906         0   0.00134         0
         0     219.5     581.1         0         0         0         0         0   0.00134         0
         0         0    0.5423         0         0         0       3.8     3.231         0         0
         0         0   0.06579         0         0         0         0         0      70.5         0
         0         0    0.4611         0     26.63         0         0         0         0     3.231
 5.025e-09         0         0         0     31.32         0         0         0         0       3.8
         0    0.2049    0.5423   0.06579         0     581.1         0         0         0         0
  1.25e-06         0         0         0         0         0     31.32     26.63         0         0
