         0         0         0 2.376e-11  0.003547 7.871e-13         0         0         0         0         0         0         0         0
         0         0  0.004171 1.677e-05         0 1.677e-05         0 7.449e-06  0.004171         0         0  0.004171         0 2.393e-06
         0   0.01797         0         0         0         0         0         0   0.01797         0         0   0.01797 2.903e-07  1.03e-05
 2.393e-06  0.001853         0         0         0     82.92    0.5423         0         0         0         0         0         0         0
     420.1         0         0         0         0         0         0         0         0         0         0         0 6.334e-06         0
 4.015e-07  0.009389         0     420.1         0         0     97.53   0.02113         0         0         0         0         0         0
         0         0         0     11.83         0     420.1         0         0         0         0   0.04044         0         0         0
         0   0.06579         0         0         0    0.3333         0         0         0     97.53         0         0         0         0
         0     97.53     97.53         0         0         0         0         0         0  1.03e-05         0     97.53         0   0.05594
         0         0         0         0         0         0         0     420.1 1.677e-05         0         0         0         0         0
         0         0         0         0         0         0     1.986         0         0         0         0     357.2         0         0
         0     581.1     581.1         0         0         0         0         0     581.1         0     420.1         0         0    0.3333
         0         0   0.01299         0  0.009389         0         0         0         0         0         0         0         0         0
         0     8.554     8.554         0         0         0         0         0     8.554         0         0     8.554         0         0
