         0 9.257e-13 2.376e-11         0         0         0         0         0         0         0
 8.434e-10         0 1.677e-05         0         0 0.0005061         0         0 4.872e-08         0
 2.393e-06  0.001853         0  0.003547    0.7502 1.677e-05         0   0.02485         0  0.004906
         0         0  0.007982         0  0.007982         0         0         0         0         0
         0         0     26.63    0.1259         0  0.003547   0.00134         0         0         0
         0     3.231 0.0009685         0   0.00577         0 2.034e-06         0 2.034e-06         0
         0         0         0         0   0.07738 7.222e-05         0   0.02113     357.2         0
         0         0     50.97         0         0         0   0.02113         0         0         0
         0   0.01299         0         0         0 8.494e-05     420.1         0         0   0.02113
         0         0     11.83         0         0         0         0         0   0.02113         0
