         0 1.241e-11 1.771e-12         0         0 2.882e-12         0         0         0         0         0         0         0
 4.273e-09         0    0.4611         0  0.004171         0    0.4611         0  0.004171         0    0.2409         0         0
  9.92e-10    0.7502         0         0         0   0.00134         0   0.00134     6.183    0.4611         0         0         0
         0         0         0         0     19.25         0         0         0    0.2834         0         0  5.22e-05         0
         0   0.07738         0     186.6         0         0         0         0     2.747         0         0         0 0.0004303
 2.546e-08         0   0.02113         0         0         0   0.02113         0         0         0         0     1.986         0
         0     11.83         0         0         0   0.02113         0         0         0         0         0         0         0
         0         0   0.06579         0         0         0         0         0         0         0         0     6.183         0
         0    0.7502     683.5     26.63     26.63         0         0         0         0         0   0.04044   0.00134         0
         0         0     219.5         0         0         0         0         0         0         0     219.5         0         0
         0     581.1         0         0         0         0         0         0    0.5423     683.5         0         0     3.231
         0         0         0    0.2409         0     683.5         0     683.5   0.06579         0         0         0         0
         0         0         0         0    0.5423         0         0         0         0         0     31.32         0         0
