         0     1.436    0.5423         0         0         0         0         0         0         0
     2.336         0         0         0         0         0         0         0         0         0
     494.1         0         0    0.5423         0     82.92         0         0         0         0
         0         0     1.038         0     134.9         0         0         0         0         0
         0         0         0     420.1         0         0   0.09102         0         0         0
         0         0     803.9         0         0         0         0         0         0   0.01299
         0         0         0         0    0.2834         0         0     1.038         0         0
         0         0         0         0         0         0     2.336         0     3.231     7.273
         0         0         0         0         0         0         0     6.183         0     50.97
         0         0         0         0         0    0.2834         0     36.84     134.9         0
