         0         0         0         0         0 2.098e-07         0  1.73e-06         0         0 3.633e-09         0
         0         0     1.436    0.5423         0     186.6         0         0         0         0         0         0
         0     2.336         0         0    0.5423         0         0     186.6         0         0         0         0
         0     1.038         0         0    0.7502    0.5423         0         0     186.6         0         0         0
         0         0     1.038     1.221         0         0         0    0.5423         0     186.6         0         0
 4.578e-06     803.9         0     1.221         0         0         0     1.436    0.5423         0   0.01299         0
         0         0         0         0         0         0         0         0         0         0         0     1.221
  6.14e-05         0     803.9         0     1.221     2.336         0         0         0    0.5423   0.02113         0
         0         0         0     803.9         0     1.038         0         0         0     1.436         0   0.01299
         0         0         0         0     803.9         0         0     1.038     2.336         0         0   0.02113
  1.73e-06         0         0         0         0    0.2834         0    0.2834         0         0         0    0.5423
         0         0         0         0         0         0     36.84         0    0.2834    0.2834     1.038         0
