         0     10.06         0         0         0         0         0         0         0         0         0         0         0         0         0
     303.7         0    0.4611 1.565e-08         0         0         0         0         0         0         0 8.974e-12         0         0         0
         0     6.183         0         0         0         0         0 5.025e-09         0         0         0 4.546e-11         0         0         0
         0   0.00577         0         0     1.436     31.32         0         0         0 0.0002248         0         0         0         0         0
         0         0         0     2.336         0         0     31.32         0         0 0.0003658         0         0         0         0         0
         0         0         0     97.53         0         0     1.436     1.221         0         0 0.0002248         0         0         0         0
         0         0         0         0     97.53     2.336         0         0     1.221         0 0.0003658         0         0         0         0
         0         0    0.1259         0         0     357.2         0         0     1.436         0         0   0.01797         0 0.0002248         0
         0         0         0         0         0         0     357.2     2.336         0         0         0         0   0.01797 0.0003658         0
         0         0         0    0.6378    0.6378         0         0         0         0         0     31.32         0         0         0         0
         0         0         0         0         0    0.6378    0.6378         0         0     97.53         0         0         0     1.221         0
         0    0.2409   0.09102         0         0         0         0     1.436         0         0         0         0     1.436         0 0.0002248
         0         0         0         0         0         0         0         0     1.436         0         0     2.336         0         0 0.0003658
         0         0         0         0         0         0         0    0.6378    0.6378         0     357.2         0         0         0   0.01797
         0         0         0         0         0         0         0         0         0         0         0    0.6378    0.6378     1.436         0
