         0     303.7     1.436         0      4.47         0    0.6378  0.009389         0         0         0 7.222e-05         0 1.972e-05         0 1.972e-05         0         0
     494.1         0         0     1.436         0         0         0         0         0         0         0         0         0         0         0         0         0         0
     2.336         0         0     303.7         0         0         0         0         0         0         0         0         0         0         0         0         0         0
         0     2.336     494.1         0         0         0         0         0         0         0         0         0         0         0         0         0         0         0
     420.1         0         0         0         0         0         0     19.25         0         0         0         0         0         0         0         0         0         0
         0         0         0         0         0         0     420.1         0     19.25         0         0         0         0         0         0         0         0         0
     581.1         0         0         0         0     945.5         0         0         0         0         0         0         0         0         0         0         0         0
     19.25         0         0         0     420.1         0         0         0     43.33     420.1         0         0         0         0         0         0         0         0
         0         0         0         0         0     134.9         0     59.94         0         0     134.9         0         0         0         0         0         0         0
         0         0         0         0         0         0         0     803.9         0         0     59.94   0.09102   0.09102         0         0         0         0         0
         0         0         0         0         0         0         0         0     420.1     134.9         0         0   0.09102         0         0         0         0         0
    0.8823         0         0         0         0         0         0         0         0    0.2834         0         0     59.94         0     1.038         0         0         0
         0         0         0         0         0         0         0         0         0    0.6378    0.2834     134.9         0         0         0         0     1.038         0
    0.5423         0         0         0         0         0         0         0         0         0         0         0         0         0         0         0         0     36.84
         0         0         0         0         0         0         0         0         0         0         0     2.336         0         0         0       3.8     59.94       3.8
    0.6378         0         0         0         0         0         0         0         0         0         0         0         0         0      4.47         0         0     19.25
         0         0         0         0         0         0         0         0         0         0         0         0     2.336         0     134.9         0         0         0
         0         0         0         0         0         0         0         0         0         0         0         0         0     82.92     8.554     36.84         0         0
