         0   0.02485         0         0         0         0         0         0         0         0         0         0         0         0         0         0         0         0         0         0         0         0         0         0         0         0         0         0         0         0         0         0         0         0         0         0         0         0         0         0         0         0         0         0         0         0         0         0         0         0         0         0
    0.2049         0         0     1.221         0         0         0         0 0.0005061         0         0         0         0         0         0         0         0         0         0         0         0         0         0         0         0         0         0         0         0         0         0 1.565e-08         0         0         0         0         0         0         0         0         0         0         0         0         0         0         0         0         0         0         0         0
         0         0         0     97.53         0         0 2.994e-08 3.522e-08         0         0         0         0         0         0 5.347e-11  9.92e-10 1.506e-12         0         0         0         0         0         0         0 1.212e-05         0         0         0         0         0         0         0         0         0 7.449e-06         0 1.565e-08         0         0         0         0         0         0         0         0         0         0         0         0         0         0         0
         0     11.83     97.53         0     1.436         0 2.994e-08 3.522e-08         0         0         0  0.003015         0         0         0 6.289e-11 1.717e-11         0         0         0         0         0         0 1.212e-05         0         0         0         0         0         0         0         0         0 7.449e-06         0         0         0 1.565e-08         0         0         0         0         0         0         0         0         0         0         0         0         0         0
         0         0         0     2.336         0  0.004906         0         0         0         0         0         0 3.522e-08 2.994e-08         0         0         0         0         0         0 1.717e-11         0         0         0         0         0         0         0 3.186e-10         0         0         0         0         0         0         0         0         0 1.565e-08         0         0         0         0         0         0         0         0         0         0         0         0         0
         0         0         0         0     1.436         0         0         0         0         0         0         0         0         0         0         0         0         0         0         0         0         0         0         0         0         0         0         0         0         0         0         0         0         0         0         0         0         0         0         0         0         0         0 3.186e-10 6.097e-10 6.097e-10         0         0         0         0         0 1.565e-08
         0         0 0.0001175 0.0001175         0         0         0     97.53         0         0     683.5         0         0     1.436         0 3.774e-05 0.0002645         0         0         0         0 2.728e-05         0         0         0         0         0         0         0         0         0         0         0         0         0         0         0         0         0 0.0001175         0         0         0         0         0         0         0         0         0         0         0         0
         0         0 0.0001382 0.0001382         0         0     97.53         0         0     683.5         0         0     1.436         0         0 2.393e-06 0.0002645         0         0         0         0 2.728e-05         0         0         0         0         0         0         0         0         0         0         0         0         0         0         0         0         0         0 0.0001175         0         0         0         0         0         0         0         0         0         0         0
         0     19.25         0         0         0         0         0         0         0         0         0         0         0         0         0         0 7.684e-07         0         0         0         0         0         0         0         0         0         0         0         0         0         0         0         0         0         0         0         0         0         0         0         0         0         0         0         0         0         0         0         0         0         0         0
         0         0         0         0         0         0         0     803.9         0         0     97.53         0         0         0         0         0         0         0 2.393e-06         0         0         0 2.728e-05         0         0         0         0         0         0         0         0         0         0         0         0         0         0         0         0         0         0 0.0001175         0         0         0         0         0         0         0         0         0         0
         0         0         0         0         0         0     803.9         0         0     97.53         0         0         0         0         0         0         0         0 3.774e-05         0         0         0 2.728e-05         0         0         0         0         0         0         0         0         0         0         0         0         0         0         0         0         0         0         0 0.0001175         0         0         0         0         0         0         0         0         0
         0         0         0     13.92         0         0         0         0         0         0         0         0         0         0 2.468e-07         0         0         0         0         0         0         0         0         0         0         0         0         0         0         0         0         0         0         0         0         0         0         0         0         0         0         0         0         0         0         0         0         0         0         0         0         0
         0         0         0         0 0.0001382         0         0     2.336         0         0         0         0         0     97.53         0         0         0         0         0 2.393e-06         0         0         0         0         0         0         0         0  1.03e-05         0         0         0         0         0         0         0         0         0         0         0         0         0         0         0 0.0001175         0         0         0         0         0         0         0
         0         0         0         0 0.0001175         0     2.336         0         0         0         0         0     97.53         0         0         0         0         0         0 3.774e-05         0         0         0         0         0         0         0         0 2.814e-06         0         0         0         0         0         0         0         0         0         0         0         0         0         0         0         0 0.0001175         0         0         0         0         0         0
         0         0 3.893e-06         0         0         0         0         0         0         0         0 3.893e-06         0         0         0         0     258.2         0         0         0         0         0         0         0         0         0         0         0         0         0         0         0         0         0         0         0         0         0         0         0         0         0         0         0         0         0         0         0         0         0         0         0
         0         0 0.0001912 1.212e-05         0         0  0.001853 0.0001175         0         0         0         0         0         0         0         0 1.677e-05         0     683.5     1.436         0 1.677e-05         0         0         0         0         0         0         0         0         0         0         0         0         0         0         0         0         0  0.001853 0.0001175         0         0         0         0         0         0         0         0         0         0         0
         0         0 2.903e-07  3.31e-06         0         0   0.01299   0.01299 3.774e-05         0         0         0         0         0     683.5 1.677e-05         0         0         0         0         0   0.02113         0 2.994e-08 2.994e-08 0.0001625 0.0001625         0         0         0         0         0         0         0         0         0         0         0         0         0         0         0         0         0         0         0 2.098e-07         0         0         0         0         0
         0         0         0         0         0         0         0         0         0         0         0         0         0         0         0         0         0         0         0         0         0         0         0         0         0         0         0         0     1.221         0         0         0         0         0         0         0         0         0         0         0         0         0         0         0         0         0         0         0         0         0         0         0
         0         0         0         0         0         0         0         0         0 0.0001175  0.001853         0         0         0         0     803.9         0         0         0         0         0         0 1.677e-05         0         0         0         0         0         0         0         0         0         0         0         0         0         0         0         0         0         0 0.0001175  0.001853         0         0         0         0         0         0         0         0         0
         0         0         0         0         0         0         0         0         0         0         0         0 0.0001175  0.001853         0     2.336         0         0         0         0         0         0         0         0         0         0         0         0         0         0         0         0         0         0         0         0         0         0         0         0         0         0         0         0 0.0001175  0.001853         0         0         0         0         0         0
         0         0         0         0  3.31e-06         0         0         0         0         0         0         0         0         0         0         0         0         0         0         0         0         0         0         0         0         0         0         0         0         0         0         0         0         0         0         0         0         0         0         0         0         0         0         0         0         0         0         0 2.098e-07         0         0         0
         0         0         0         0         0         0  0.003547  0.003547         0         0         0         0         0         0         0 4.438e-05   0.05594         0         0         0         0         0     683.5         0         0         0         0         0         0         0         0         0         0         0         0         0         0         0         0  1.29e-07  1.29e-07         0         0         0         0         0         0         0         0         0         0         0
         0         0         0         0         0         0         0         0         0  0.003547  0.003547         0         0         0         0         0         0         0 4.438e-05         0         0     803.9         0         0         0         0         0         0         0         0         0         0         0         0         0         0         0         0         0         0         0  1.29e-07  1.29e-07         0         0         0         0         0         0         0         0         0
         0         0         0     13.92         0         0         0         0         0         0         0         0         0         0         0         0 1.784e-07         0         0         0         0         0         0         0         0         0         0         0         0         0         0         0         0         0         0         0         0         0         0         0         0         0         0         0         0         0         0         0         0         0         0         0
         0         0     13.92         0         0         0         0         0         0         0         0         0         0         0         0         0 1.784e-07         0         0         0         0         0         0         0         0         0         0         0         0         0         0         0         0         0         0         0         0         0         0         0         0         0         0         0         0         0         0         0         0         0         0         0
         0         0         0         0         0         0         0         0         0         0         0         0         0         0         0         0  0.001139         0         0         0         0         0         0         0         0         0         0         0         0         0         0         0         0         0         0         0         0         0         0         0  0.004906         0         0         0         0         0         0         0         0         0         0         0
         0         0         0         0         0         0         0         0         0         0         0         0         0         0         0         0  0.001139         0         0         0         0         0         0         0         0         0         0         0         0         0         0         0         0         0         0         0         0         0         0  0.004906         0         0         0         0         0         0         0         0         0         0         0         0
         0         0         0         0         0         0         0         0         0         0         0         0         0         0         0         0         0         0         0         0         0         0         0         0         0         0         0         0         0     1.436         0         0         0         0         0         0         0         0         0         0         0         0         0         0         0         0 2.233e-09         0         0         0         0         0
         0         0         0         0 0.0003658         0         0         0         0         0         0         0  0.003015 0.0008234         0         0         0     11.83         0         0         0         0         0         0         0         0         0         0         0         0         0         0         0         0         0 5.555e-07         0         0         0         0         0         0         0  0.004906         0         0         0         0         0         0         0         0
         0         0         0         0         0         0         0         0         0         0         0         0         0         0         0         0         0         0         0         0         0         0         0         0         0         0         0     2.336         0         0         0         0         0         0         0         0         0         0         0         0         0         0         0         0         0         0         0         0 2.233e-09         0         0         0
         0         0         0         0         0         0         0         0         0         0         0         0         0         0         0         0         0         0         0         0         0         0         0         0         0         0         0         0         0         0         0     97.53         0         0         0         0     1.221         0         0         0         0         0         0         0         0         0 2.794e-11         0         0         0         0         0
         0    0.5423         0         0         0         0         0         0         0         0         0         0         0         0         0         0         0         0         0         0         0         0         0         0         0         0         0         0         0         0     97.53         0     1.436         0         0         0         0     1.221         0         0         0         0         0         0         0         0 2.794e-11         0         0         0         0         0
         0         0         0         0         0         0         0         0         0         0         0         0         0         0         0         0         0         0         0         0         0         0         0         0         0         0         0         0         0         0         0     2.336         0         0         0         0         0         0     1.221         0         0         0         0         0         0         0         0         0 2.794e-11         0         0         0
         0         0         0      70.5         0         0         0         0         0         0         0         0         0         0         0         0         0         0         0         0         0         0         0         0         0         0         0         0         0         0         0         0         0         0         0         0         0    0.1481         0         0         0         0         0         0         0         0         0         0         0         0         0         0
         0         0      70.5         0         0         0         0         0         0         0         0         0         0         0         0         0         0         0         0         0         0         0         0         0         0         0         0         0         0         0         0         0         0         0         0         0    0.1481         0         0         0         0         0         0         0         0         0         0         0         0         0         0         0
         0         0         0         0         0         0         0         0         0         0         0         0         0         0         0         0         0         0         0         0         0         0         0         0         0         0         0         0 4.578e-06         0         0         0         0         0         0         0         0         0    0.1481         0         0         0         0         0         0         0         0         0         0         0         0         0
         0         0    0.5423         0         0         0         0         0         0         0         0         0         0         0         0         0         0         0         0         0         0         0         0         0         0         0         0         0         0         0     11.83         0         0         0    0.5423         0         0     97.53         0         0         0         0         0         0         0         0 2.709e-10         0         0  0.004906         0         0
         0         0         0    0.5423         0         0         0         0         0         0         0         0         0         0         0         0         0         0         0         0         0         0         0         0         0         0         0         0         0         0         0     11.83         0    0.5423         0         0     97.53         0     1.436         0         0         0         0         0         0         0 2.709e-10         0         0         0  0.004906         0
         0         0         0         0    0.5423         0         0         0         0         0         0         0         0         0         0         0         0         0         0         0         0         0         0         0         0         0         0         0         0         0         0         0     11.83         0         0    0.5423         0     2.336         0         0         0         0         0         0         0         0         0         0 2.709e-10         0         0  0.004906
         0         0         0         0         0         0     11.83         0         0         0         0         0         0         0         0       3.8         0         0         0         0         0  9.99e-05         0         0         0         0     1.436         0         0         0         0         0         0         0         0         0         0         0         0         0     97.53         0     683.5         0         0     1.436         0         0         0         0         0         0
         0         0         0         0         0         0         0     11.83         0         0         0         0         0         0         0    0.2409         0         0         0         0         0  9.99e-05         0         0         0     1.436         0         0         0         0         0         0         0         0         0         0         0         0         0     97.53         0     683.5         0         0     1.436         0         0         0         0         0         0         0
         0         0         0         0         0         0         0         0         0     11.83         0         0         0         0         0         0         0         0    0.2409         0         0         0  9.99e-05         0         0         0         0         0         0         0         0         0         0         0         0         0         0         0         0         0     803.9         0     97.53         0         0         0         0         0         0         0         0         0
         0         0         0         0         0         0         0         0         0         0     11.83         0         0         0         0         0         0         0       3.8         0         0         0  9.99e-05         0         0         0         0         0         0         0         0         0         0         0         0         0         0         0         0     803.9         0     97.53         0         0         0         0         0         0         0         0         0         0
         0         0         0         0         0 0.0003658         0         0         0         0         0         0         0         0         0         0         0         0         0         0         0         0         0         0         0         0         0         0     1.436         0         0         0         0         0         0         0         0         0         0         0         0         0         0         0 0.0005061  1.03e-05         0 5.555e-07         0         0         0         0
         0         0         0         0         0 0.0008234         0         0         0         0         0         0     11.83         0         0         0         0         0         0    0.2409         0         0         0         0         0         0         0         0         0         0         0         0         0         0         0         0         0         0         0         0     2.336         0         0 0.0005952         0     97.53         0         0         0         0         0         0
         0         0         0         0         0 0.0008234         0         0         0         0         0         0         0     11.83         0         0         0         0         0       3.8         0         0         0         0         0         0         0         0         0         0         0         0         0         0         0         0         0         0         0     2.336         0         0         0 1.212e-05     97.53         0         0         0         0         0         0         0
         0         0         0         0         0         0         0         0         0         0         0         0         0         0         0         0  0.004171         0         0         0         0         0         0         0         0         0         0 5.385e-06         0         0 2.994e-08 2.994e-08         0         0         0         0 2.994e-08 2.994e-08         0         0         0         0         0         0         0         0         0         0     1.436         0         0         0
         0         0         0         0         0         0         0         0         0         0         0         0         0         0         0         0         0         0         0         0         0         0         0         0         0         0         0         0         0         0         0         0         0         0         0         0         0         0         0         0         0         0         0 4.578e-06         0         0         0         0         0         0         0    0.1481
         0         0         0         0         0         0         0         0         0         0         0         0         0         0         0         0         0         0         0         0  0.004171         0         0         0         0         0         0         0         0 5.385e-06         0         0 2.994e-08         0         0         0         0         0 2.994e-08         0         0         0         0         0         0         0     2.336         0         0         0         0         0
         0         0         0         0         0         0         0         0         0         0         0         0         0         0         0         0         0         0         0         0         0         0         0         0         0         0         0         0         0         0         0         0         0         0         0         0     1.436         0         0         0         0         0         0         0         0         0         0         0         0         0     97.53         0
         0         0         0         0         0         0         0         0         0         0         0         0         0         0         0         0         0         0         0         0         0         0         0         0         0         0         0         0         0         0         0         0         0         0         0         0         0     1.436         0         0         0         0         0         0         0         0         0         0         0     97.53         0     1.436
         0         0         0         0         0    0.5423         0         0         0         0         0         0         0         0         0         0         0         0         0         0         0         0         0         0         0         0         0         0         0         0         0         0         0         0         0         0         0         0     1.436         0         0         0         0         0         0         0         0    0.5423         0         0     2.336         0
