         0     97.53     1.436         0     82.92         0 0.0002248         0         0         0         0         0         0         0         0         0
     158.7         0         0     1.436     134.9         0         0         0         0         0         0         0         0         0         0         0
     2.336         0         0     97.53         0     82.92 0.0003658         0         0         0         0         0         0         0         0         0
         0     2.336     158.7         0         0     134.9         0         0         0         0         0         0         0         0         0         0
     945.5     945.5         0         0         0     1.436         0         0 0.0002248         0 7.222e-05         0         0         0         0         0
         0         0     945.5     945.5     2.336         0         0         0 0.0003658         0         0         0         0         0         0         0
    0.6378         0    0.6378         0         0         0         0         0     11.83         0         0         0     0.392         0         0         0
         0         0         0         0         0         0         0         0      70.5         0         0         0     2.336         0         0         0
         0         0         0         0    0.6378    0.6378     134.9     134.9         0         0         0         0         0         0     1.689     0.392
         0         0         0         0         0         0         0         0         0         0         0     1.038         0     26.63         0         0
         0         0         0         0    0.8823         0         0         0         0         0         0         0         0     59.94         0     1.038
         0         0         0         0         0         0         0         0         0     2.336         0         0         0         0         0     26.63
         0         0         0         0         0         0     36.84     36.84         0         0         0         0         0         0     31.32     7.273
         0         0         0         0         0         0         0         0         0     134.9     134.9         0         0         0         0         0
         0         0         0         0         0         0         0         0     16.37         0         0         0     36.84         0         0       3.8
         0         0         0         0         0         0         0         0       3.8         0     2.336     59.94     8.554         0       3.8         0
