         0   0.01528         0 0.0002248         0         0         0         0         0         0         0 1.565e-08         0         0         0         0         0         0         0         0         0         0         0         0         0         0         0         0         0         0         0         0         0         0         0         0         0         0         0         0         0         0
     43.33         0     59.94         0         0         0         0         0         0         0         0         0         0         0         0         0         0         0         0         0         0         0         0         0         0         0         0         0         0         0         0         0         0         0         0         0         0         0         0         0         0         0
         0     803.9         0         0         0         0         0         0         0         0         0         0         0 0.0008234         0         0         0         0         0         0         0         0         0         0         0         0         0         0         0         0         0         0         0         0         0         0         0         0         0         0         0         0
     357.2         0         0         0         0         0   0.00577  0.004906         0         0         0         0         0         0         0         0         0         0         0         0         0         0         0         0         0  1.47e-06         0         0         0         0         0         0         0         0         0         0         0         0         0         0         0         0
         0         0         0         0         0     97.53         0     683.5         0     1.436         0         0         0         0         0         0  3.31e-06         0         0         0         0         0         0         0 1.614e-09         0 2.034e-06         0         0 1.506e-12         0         0         0   8.7e-11         0         0         0         0         0         0         0         0
         0         0         0         0     97.53         0     683.5         0     1.436         0         0         0         0         0         0         0  3.31e-06         0         0         0         0         0         0         0 1.614e-09         0 2.034e-06         0         0 1.506e-12         0         0         0         0         0         0         0         0         0         0         0         0
         0         0         0   0.04044         0     803.9         0     97.53         0         0         0         0         0    0.1259    0.1259         0         0         0         0         0         0         0         0         0         0         0         0         0         0         0         0         0         0         0         0         0         0         0         0         0         0         0
         0         0         0   0.03438     803.9         0     97.53         0         0         0         0         0         0    0.1259    0.1259         0         0         0         0         0         0         0         0         0         0         0         0         0         0         0         0         0         0         0   8.7e-11         0         0         0         0         0         0         0
         0         0         0         0         0     2.336         0         0         0     97.53         0         0         0         0         0         0         0         0         0         0         0         0         0         0         0         0         0         0         0         0         0 1.506e-12         0         0         0         0         0         0         0         0         0         0
         0         0         0         0     2.336         0         0         0     97.53         0         0         0         0         0         0         0         0         0         0         0         0         0         0         0         0         0         0         0         0         0         0 1.506e-12         0         0         0   8.7e-11         0         0         0         0         0         0
         0         0         0         0         0         0         0         0         0         0         0     97.53         0         0         0         0         0         0         0         0         0         0         0         0         0         0         0         0         0         0         0         0         0         0         0         0 4.837e-13         0         0         0         0         0
    0.5423         0         0         0         0         0         0         0         0         0     97.53         0     1.436         0         0         0         0         0         0         0         0         0         0         0         0         0         0         0         0         0         0         0         0         0         0         0         0 4.837e-13         0         0         0         0
         0         0         0         0         0         0         0         0         0         0         0     2.336         0         0         0         0         0         0         0         0         0         0         0         0         0         0         0         0         0         0         0         0         0         0         0         0         0         0  7.63e-12         0         0 4.837e-13
         0         0     158.7         0         0         0     82.92     82.92         0         0         0         0         0         0         0         0         0         0         0 3.414e-07 1.517e-07         0         0         0         0         0         0         0 3.414e-07         0         0         0         0         0         0         0         0         0         0         0         0         0
         0         0         0         0         0         0     114.7     114.7         0         0         0         0         0         0         0         0         0         0         0         0         0 3.414e-07 1.517e-07         0         0         0         0         0         0         0         0         0         0         0         0         0         0         0         0         0         0         0
         0         0         0         0         0         0         0         0         0         0         0         0         0         0         0         0         0         0         0         0         0         0         0         0         0   0.03438         0         0         0         0         0         0         0         0 2.098e-07         0         0         0         0         0         0         0
         0         0         0         0    0.1481    0.1481         0         0         0         0         0         0         0         0         0         0         0     683.5         0         0         0         0         0         0 7.222e-05         0         0  6.14e-05         0 1.167e-09         0         0 1.063e-06         0         0         0         0         0         0         0         0         0
         0         0         0         0         0         0         0         0         0         0         0         0         0         0         0         0     803.9         0     43.33         0         0         0         0         0         0         0         0         0         0         0         0         0         0         0         0         0         0         0         0         0         0         0
         0         0         0         0         0         0         0         0         0         0         0         0         0         0         0         0         0     219.5         0         0         0         0         0         0         0         0         0         0 9.038e-07         0         0         0         0         0         0         0         0         0         0         0         0         0
         0         0         0         0         0         0         0         0         0         0         0         0         0 0.0009685         0         0         0         0         0         0     158.7     357.2         0         0         0         0         0         0  0.009389         0         0         0         0         0 5.385e-06         0         0         0         0         0         0         0
         0         0         0         0         0         0         0         0         0         0         0         0         0 0.0004303         0         0         0         0         0     158.7         0         0     357.2     1.436         0         0         0         0         0         0   0.09102         0         0         0         0         0         0         0         0         0         0         0
         0         0         0         0         0         0         0         0         0         0         0         0         0         0 0.0009685         0         0         0         0     494.1         0         0     158.7         0         0         0         0         0         0         0         0         0         0         0         0         0         0         0         0         0         0         0
         0         0         0         0         0         0         0         0         0         0         0         0         0         0 0.0004303         0         0         0         0         0     494.1     158.7         0         0         0         0         0         0         0         0         0         0         0         0         0         0         0         0         0         0         0         0
         0         0         0         0         0         0         0         0         0         0         0         0         0         0         0         0         0         0         0         0     2.336         0         0         0         0         0         0         0         0         0         0         0         0         0         0         0         0         0         0         0         0         0
         0         0         0         0   0.05594   0.05594         0         0         0         0         0         0         0         0         0         0   0.05594         0         0         0         0         0         0         0         0         0         0     36.84         0 2.546e-08         0         0         0         0         0         0         0         0         0         0         0         0
         0         0         0     945.5         0         0         0         0         0         0         0         0         0         0         0     945.5         0         0         0         0         0         0         0         0         0         0         0         0         0         0         0         0         0         0         0         0         0         0         0         0         0         0
         0         0         0         0     420.1     420.1         0         0         0         0         0         0         0         0         0         0         0         0         0         0         0         0         0         0         0         0         0   0.02113         0         0         0         0         0         0         0         0         0         0         0         0         0         0
         0         0         0         0         0         0         0         0         0         0         0         0         0         0         0         0     0.392         0         0         0         0         0         0         0     303.7         0   0.02923         0         0 2.098e-07         0         0         0 4.142e-08         0         0         0         0         0         0         0         0
         0         0         0         0         0         0         0         0         0         0         0         0         0     1.221         0         0         0         0  0.009389     11.83         0         0         0         0         0         0         0         0         0     13.92         0         0         0 0.0005952 0.0005061         0         0         0         0         0         0         0
         0         0         0         0  0.009389  0.009389         0         0         0         0         0         0         0         0         0         0 0.0001625         0         0         0         0         0         0         0 4.578e-06         0         0 4.578e-06     31.32         0         0     1.436         0 0.0005061 0.0005061         0         0         0         0         0         0         0
         0         0         0         0         0         0         0         0         0         0         0         0         0         0         0         0         0         0         0         0     303.7         0         0         0         0         0         0         0         0         0         0         0         0         0   0.01797         0         0         0         0         0         0         0
         0         0         0         0         0         0         0         0  0.009389  0.009389         0         0         0         0         0         0         0         0         0         0         0         0         0         0         0         0         0         0         0     2.336         0         0         0         0         0 0.0005061         0         0         0         0         0         0
         0         0         0         0         0         0         0         0         0         0         0         0         0         0         0         0    0.3333         0         0         0         0         0         0         0         0         0         0         0         0         0         0         0         0    0.8823         0         0         0         0         0         0         0         0
         0         0         0         0     1.986         0         0         0         0         0         0         0         0         0         0         0         0         0         0         0         0         0         0         0         0         0         0  3.31e-06  0.004906  0.001853         0         0     1.436         0     683.5     1.436         0         0         0         0         0         0
         0         0         0         0         0         0         0     1.986         0         0         0         0         0         0         0     1.436         0         0         0   0.06579         0         0         0         0         0         0         0         0  0.004906   0.00218   0.06579         0         0     803.9         0         0         0         0         0         0         0         0
         0         0         0         0         0         0         0         0         0     1.986         0         0         0         0         0         0         0         0         0         0         0         0         0         0         0         0         0         0         0         0         0  0.001853         0     2.336         0         0         0         0         0         0         0         0
         0         0         0         0         0         0         0         0         0         0   0.09102         0         0         0         0         0         0         0         0         0         0         0         0         0         0         0         0         0         0         0         0         0         0         0         0         0         0     97.53         0     36.84         0         0
         0         0         0         0         0         0         0         0         0         0         0   0.09102         0         0         0         0         0         0         0         0         0         0         0         0         0         0         0         0         0         0         0         0         0         0         0         0     97.53         0     1.436         0     36.84         0
         0         0         0         0         0         0         0         0         0         0         0         0     1.436         0         0         0         0         0         0         0         0         0         0         0         0         0         0         0         0         0         0         0         0         0         0         0         0     2.336         0         0         0     36.84
         0         0         0         0         0         0         0         0         0         0         0         0         0         0         0         0         0         0         0         0         0         0         0         0         0         0         0         0         0         0         0         0         0         0         0         0     303.7         0         0         0     97.53         0
         0         0         0         0         0         0         0         0         0         0         0         0         0         0         0         0         0         0         0         0         0         0         0         0         0         0         0         0         0         0         0         0         0         0         0         0         0     303.7         0     97.53         0     1.436
         0         0         0         0         0         0         0         0         0         0         0         0    0.7502         0         0         0         0         0         0         0         0         0         0         0         0         0         0         0         0         0         0         0         0         0         0         0         0         0     303.7         0     2.336         0
