         0 4.578e-06  5.73e-08         0         0         0  5.73e-08         0         0         0         0         0         0         0         0         0         0         0         0         0         0         0
 0.0008234         0         0         0   0.01528         0         0         0         0         0         0         0         0         0         0         0         0         0         0         0         0         0
 0.0003658         0         0     158.7         0         0         0         0         0         0         0         0         0         0         0         0         0         0         0         0         0         0
         0         0     945.5         0         0    0.7502         0         0         0         0         0         0         0         0         0         0         0         0         0         0         0         0
         0     303.7         0         0         0         0         0  1.25e-06         0         0         0         0         0         0  1.25e-06         0         0         0         0         0         0         0
         0         0         0     303.7         0         0         0         0         0         0         0  1.03e-05         0         0         0         0         0         0         0         0         0         0
     1.986         0         0         0         0         0         0         0         0         0         0         0         0         0         0         0    0.2049         0         0         0         0         0
         0         0         0         0 0.0001175         0         0         0     1.436         0         0     36.84         0         0   0.01797         0         0         0         0 0.0002248         0         0
         0         0         0         0         0         0         0     2.336         0         0         0         0     36.84         0         0   0.01797         0         0         0 0.0003658         0         0
         0         0         0         0         0         0         0         0         0         0     683.5         0         0         0         0         0         0  1.03e-05         0         0         0         0
         0         0         0         0         0         0         0         0         0     803.9         0         0         0         0         0         0     16.37         0         0         0         0         0
         0         0         0         0         0   0.00577         0     945.5         0         0         0         0     1.436     31.32         0         0         0         0         0         0         0         0
         0         0         0         0         0         0         0         0     945.5         0         0     2.336         0         0         0         0         0         0         0         0         0         0
         0         0         0         0         0         0         0         0         0         0         0     97.53         0         0         0         0         0  6.14e-05         0         0         0         0
         0         0         0         0  0.009389         0         0     1.436         0         0         0         0         0         0         0     1.436         0  0.007982         0         0 0.0002248         0
         0         0         0         0         0         0         0         0     1.436         0         0         0         0         0     2.336         0         0         0  0.007982         0 0.0003658         0
         0         0         0         0         0         0     303.7         0         0         0     683.5         0         0         0         0         0         0         0         0         0         0         0
         0         0         0         0         0         0         0         0         0  0.004171         0         0         0 0.0009685    0.1259         0         0         0     1.436         0         0 0.0002248
         0         0         0         0         0         0         0         0         0         0         0         0         0         0         0    0.1259         0     2.336         0         0         0 0.0003658
         0         0         0         0         0         0         0    0.6378    0.6378         0         0         0         0         0         0         0         0         0         0         0   0.01797         0
         0         0         0         0         0         0         0         0         0         0         0         0         0         0    0.6378    0.6378         0         0         0     1.436         0  0.007982
         0         0         0         0         0         0         0         0         0         0         0         0         0         0         0         0         0    0.6378    0.6378         0    0.1259         0
