         0  1.47e-06         0         0         0  1.25e-06         0         0         0         0
   0.01797         0     1.436         0         0   0.02113         0 0.0002248         0         0
         0     2.336         0         0         0         0   0.02113 0.0003658         0         0
         0         0         0         0     1.436     357.2         0         0 0.0002248         0
         0         0         0     2.336         0         0     357.2         0 0.0003658         0
   0.09102    0.1259         0     803.9         0         0     1.436         0         0 0.0002248
         0         0    0.1259         0     803.9     2.336         0         0         0 0.0003658
         0    0.6378    0.6378         0         0         0         0         0         0   0.02113
         0         0         0    0.6378    0.6378         0         0         0         0     357.2
         0         0         0         0         0    0.6378    0.6378    0.1259     803.9         0
