         0     303.7         0    0.3333         0         0         0         0         0 1.972e-05 1.972e-05         0         0         0
     494.1         0     1.436    0.8823         0         0         0         0         0         0         0         0         0         0
         0     2.336         0         0         0         0         0         0         0         0         0         0         0         0
     494.1     803.9         0         0    0.5423     134.9         0     82.92         0         0         0         0         0  0.003547
         0         0         0     1.038         0         0     134.9         0         0         0         0         0         0         0
         0         0         0     420.1         0         0    0.5423         0         0         0         0   0.02113         0         0
         0         0         0         0     420.1     1.038         0         0   0.09102         0         0         0         0         0
         0         0         0     803.9         0         0         0         0         0    0.1481         0         0         0         0
         0         0         0         0         0         0    0.2834         0         0         0         0     1.038         0         0
    0.5423         0         0         0         0         0         0    0.2834         0         0         0         0     36.84     134.9
    0.6378         0         0         0         0         0         0         0         0         0         0         0     19.25         0
         0         0         0         0         0    0.2834         0         0     2.336         0         0         0         0     3.231
         0         0         0         0         0         0         0         0         0     82.92     36.84         0         0         0
         0         0         0    0.2834         0         0         0         0         0     581.1         0     6.183         0         0
