         0  1.25e-06         0  1.47e-06         0         0         0         0         0         0
  0.004906         0     1.436  0.006787         0     43.33         0 0.0002248         0         0
         0     2.336         0         0  0.006787         0     43.33 0.0003658         0         0
   0.01797   0.02113         0         0     1.436         0         0         0 0.0002248         0
         0         0   0.02113     2.336         0         0         0         0 0.0003658         0
         0     357.2         0         0         0         0     1.436         0         0 0.0002248
         0         0     357.2         0         0     2.336         0         0         0 0.0003658
         0    0.6378    0.6378         0         0         0         0         0  0.006787     43.33
         0         0         0    0.6378    0.6378         0         0   0.02113         0         0
         0         0         0         0         0    0.6378    0.6378     357.2         0         0
