         0         0 0.0004303         0         0         0         0         0         0         0         0         0         0         0         0         0         0         0         0         0
         0         0     683.5 0.0009685         0         0         0         0         0         0         0         0         0         0         0         0         0         0         0         0
    0.1742     803.9         0         0         0         0         0         0         0         0         0         0         0         0         0         0         0         0         0         0
         0      70.5         0         0         0         0     2.747         0         0         0         0         0         0         0         0         0         0         0         0         0
         0         0         0         0         0     1.436         0         0   0.01797         0         0         0         0         0         0 0.0002248         0         0         0         0
         0         0         0         0     2.336         0         0         0         0   0.01797         0         0         0         0         0 0.0003658         0         0         0         0
         0         0         0     258.2         0         0         0         0         0         0     16.37         0         0         0         0         0         0         0         0         0
         0         0         0         0         0         0         0         0         0         0   0.04756         0     1.221         0         0         0         0 7.449e-06         0         0
         0         0         0         0     1.436         0         0         0         0     1.436         0         0         0  0.007982         0         0 0.0002248         0         0         0
         0         0         0         0         0     1.436         0         0     2.336         0         0         0         0         0  0.007982         0 0.0003658         0         0         0
         0         0         0         0         0         0     494.1     1.436         0         0         0     59.94         0         0         0         0         0 0.0002248         0         0
         0         0         0         0         0         0         0         0         0         0     97.53         0     1.436    0.6378         0         0         0         0 0.0002248         0
         0         0         0         0         0         0         0     97.53         0         0         0     2.336         0         0    0.6378         0         0         0 0.0003658         0
         0         0         0         0         0         0         0         0    0.1259         0         0     2.336         0         0     1.436         0         0         0         0 0.0002248
         0         0         0         0         0         0         0         0         0    0.1259         0         0     2.336     2.336         0         0         0         0         0 0.0003658
         0         0         0         0    0.6378    0.6378         0         0         0         0         0         0         0         0         0         0   0.01797         0         0         0
         0         0         0         0         0         0         0         0    0.6378    0.6378         0         0         0         0         0     1.436         0         0         0  0.007982
         0         0         0         0         0         0         0    0.6378         0         0    0.6378         0         0         0         0         0         0         0     59.94         0
         0         0         0         0         0         0         0         0         0         0         0    0.6378    0.6378         0         0         0         0     97.53         0    0.6378
         0         0         0         0         0         0         0         0         0         0         0         0         0    0.6378    0.6378         0    0.1259         0     2.336         0
