         0     1.436     134.9     43.33         0         0         0         0         0         0         0         0
     2.336         0         0         0     134.9     43.33         0         0         0         0         0         0
     945.5         0         0     303.7     1.436         0 7.222e-05         0 1.972e-05         0 1.972e-05         0
     494.1         0     494.1         0         0     1.436         0         0         0         0         0         0
         0     945.5     2.336         0         0     303.7         0         0         0         0         0         0
         0     494.1         0     2.336     494.1         0         0         0         0         0         0         0
         0         0    0.8823         0         0         0         0     59.94         0     1.038         0         0
         0         0         0         0         0         0     134.9         0         0         0         0     1.038
         0         0    0.5423         0         0         0         0         0         0       3.8     16.37         0
         0         0         0         0         0         0     2.336         0       3.8         0       3.8     59.94
         0         0    0.6378         0         0         0         0         0     19.25      4.47         0         0
         0         0         0         0         0         0         0     2.336         0     134.9         0         0
