         0   0.02485         0         0         0         0 1.096e-07 9.323e-08         0         0         0         0         0         0         0         0         0         0         0         0         0         0         0         0         0         0         0         0         0         0         0         0         0         0         0         0         0         0         0         0         0         0         0         0         0         0         0         0         0         0         0         0         0
    0.2049         0   0.09102 0.0003658         0         0         0         0         0         0         0 1.565e-08         0         0 3.089e-09         0         0         0         0         0         0         0         0         0         0         0         0         0         0         0         0         0         0         0         0         0         0         0         0         0         0         0         0         0         0         0         0         0         0         0         0         0         0
         0     11.83         0         0         0         0 0.0001175  9.99e-05         0         0         0         0         0         0         0         0         0         0         0         0         0         0         0         0         0         0         0         0         0         0         0         0         0         0         0         0         0         0         0         0         0         0         0         0         0         0         0         0         0         0         0         0         0
         0     11.83         0         0  9.99e-05 0.0001175         0         0         0         0         0         0    0.7502         0         0         0         0         0         0         0         0         0         0         0         0         0         0         0         0         0         0         0         0         0         0         0         0         0         0         0         0         0         0         0         0         0         0         0         0         0         0         0         0
         0         0         0 0.0001175         0     97.53         0     683.5         0     1.436         0         0         0         0         0         0         0         0  0.001853         0         0 3.747e-10 3.522e-08         0         0         0         0         0 8.974e-12         0 3.522e-08         0         0         0         0         0         0         0         0         0         0         0         0 2.794e-11         0         0         0         0         0         0         0         0         0
         0         0         0 0.0001382     97.53         0     683.5         0     1.436         0         0         0         0         0         0         0         0         0         0  0.001853         0 3.747e-10 3.522e-08         0         0         0         0         0  5.69e-13         0 3.522e-08         0         0         0         0         0         0         0         0         0         0         0         0         0 2.794e-11         0         0         0         0         0         0         0         0
   0.04044         0   0.04044         0         0     803.9         0     97.53         0         0         0         0         0         0         0         0         0         0         0         0         0         0         0         0         0         0         0         0         0  5.69e-13         0         0         0         0         0         0         0         0         0         0         0         0         0         0         0 2.794e-11         0         0         0         0         0         0         0
   0.03438         0   0.03438         0     803.9         0     97.53         0         0         0         0         0         0         0         0         0         0         0         0         0         0         0         0         0         0         0         0         0         0         0         0         0         0         0         0         0         0         0         0         0         0         0         0         0         0         0         0         0         0         0         0         0         0
         0         0         0         0         0     2.336         0         0         0     97.53         0         0         0         0         0         0         0         0         0         0         0         0         0         0         0         0         0         0         0         0         0  5.69e-13         0         0         0         0         0         0         0         0         0         0         0         0         0         0         0 2.794e-11         0         0         0         0         0
         0         0         0         0     2.336         0         0         0     97.53         0         0         0         0         0         0         0         0         0         0         0         0         0         0         0         0         0         0         0         0         0         0 8.974e-12         0         0         0         0         0         0         0         0         0         0         0         0         0         0         0         0 2.794e-11         0         0         0         0
         0         0         0         0         0         0         0         0         0         0         0     97.53         0         0         0     1.221         0         0         0         0         0         0         0         0         0         0         0         0         0         0         0         0         0         0         0         0         0         0         0         0         0         0         0         0         0         0         0         0         0         0         0         0         0
         0    0.5423         0         0         0         0         0         0         0         0     97.53         0         0     1.436         0         0     1.221         0         0         0   0.09102         0         0         0         0         0         0         0         0         0         0         0         0         0         0         0         0         0         0         0         0         0         0         0         0         0         0         0         0         0         0         0         0
         0         0         0     803.9         0         0         0         0         0         0         0         0         0         0         0         0         0         0         0         0         0         0         0         0         0         0         0         0 5.347e-11         0         0         0         0         0         0         0         0         0         0         0         0         0         0         0         0         0         0         0         0         0         0         0         0
         0         0         0         0         0         0         0         0         0         0         0     2.336         0         0         0         0         0     1.221         0         0         0         0         0         0         0         0         0         0         0         0         0         0         0         0         0         0         0         0         0         0         0         0         0         0         0         0         0         0         0         0         0         0         0
         0    0.5423         0         0         0         0         0         0         0         0         0         0         0         0         0         0         0         0         0         0         0         0         0   0.09102         0         0         0         0         0         0         0         0         0         0         0         0         0         0         0         0         0         0         0         0         0         0         0         0         0         0         0         0         0
         0         0         0         0         0         0         0         0         0         0     11.83         0         0         0         0         0     97.53         0         0         0         0         0         0         0         0         0         0         0         0         0         0         0         0         0         0         0         0         0         0         0         0         0         0         0         0         0         0         0         0         0 1.167e-09         0         0
         0         0         0         0         0         0         0         0         0         0         0     11.83         0         0         0     97.53         0     1.436         0         0         0  0.003015         0         0         0         0         0         0         0         0         0         0         0         0 3.774e-05         0         0         0         0         0         0         0         0         0         0         0         0         0         0         0         0 1.167e-09         0
         0         0         0         0         0         0         0         0         0         0         0         0         0     11.83         0         0     2.336         0         0         0         0         0         0         0         0         0         0         0         0         0         0         0         0         0         0         0         0         0         0         0         0         0         0         0         0         0         0         0         0         0         0         0 1.167e-09
         0         0         0         0      70.5         0         0         0         0         0         0         0         0         0         0         0         0         0         0         0         0         0         0         0         0         0         0   0.04044         0         0         0         0         0         0         0         0         0         0         0         0         0         0         0         0         0         0         0         0         0         0         0         0         0
         0         0         0         0         0      70.5         0         0         0         0         0         0         0         0         0         0         0         0         0         0         0         0         0         0         0     1.436         0         0         0         0         0         0         0         0         0         0         0         0         0         0         0         0         0         0         0         0         0         0         0         0         0         0         0
         0         0         0         0         0         0         0         0         0         0         0     11.83         0         0         0         0         0         0         0         0         0     11.83         0         0         0         0         0         0         0         0         0         0         0         0         0         0         0         0         0         0         0         0         0         0         0         0         0         0         0         0         0         0         0
         0         0         0         0 8.494e-05 8.494e-05         0         0         0         0         0         0         0         0         0         0   0.07738         0         0         0     22.64         0         0         0         0         0   0.01797         0         0         0         0         0         0         0         0         0         0         0         0         0         0         0         0         0         0         0         0         0         0         0         0         0         0
         0         0         0         0   0.01528   0.01528         0         0         0         0         0         0         0         0         0         0         0         0         0         0         0         0         0     0.392         0         0         0         0 3.522e-08         0         0         0    0.8823 4.438e-05         0         0 3.414e-07 3.414e-07         0         0         0         0         0         0         0         0         0         0         0 4.407e-10         0         0         0
         0         0         0         0         0         0         0         0         0         0         0         0         0         0     11.83         0         0         0         0         0         0         0    0.5423         0         0         0         0         0         0         0         0         0         0         0         0         0         0         0         0         0         0         0         0         0         0         0         0         0         0         0         0         0         0
         0         0         0         0         0         0         0         0         0         0         0         0         0         0         0         0         0         0         0         0         0         0         0         0         0         0     258.2         0         0         0         0         0         0         0     8.554         0         0         0         0         0         0         0         0         0         0         0         0         0         0         0         0         0         0
         0         0         0         0         0         0         0         0         0         0         0         0         0         0         0         0         0         0         0     258.2         0         0         0         0         0         0         0         0         0         0         0         0         0         0         0    0.6378         0         0         0         0         0         0         0         0         0         0         0         0         0         0         0         0         0
         0         0         0         0         0         0         0         0         0         0         0         0         0         0         0         0         0         0         0         0         0     1.436         0         0     803.9         0         0         0         0         0         0         0         0         0         0         0         0         0         0 0.0001912         0         0         0         0         0         0         0         0         0         0         0         0         0
         0         0         0         0         0         0         0         0         0         0         0         0         0         0         0         0         0         0     59.94         0         0         0         0         0         0         0         0         0         0         0         0         0         0         0         0         0         0         0    0.6378         0         0         0         0         0         0         0         0         0         0         0         0         0         0
         0         0         0         0  0.001853 0.0001175         0         0         0         0         0         0 1.212e-05         0         0         0         0         0         0         0         0         0 1.677e-05         0         0         0         0         0         0     683.5         0     1.436         0 1.677e-05         0         0         0         0         0         0         0         0         0  0.001853 0.0001175         0         0         0         0         0         0         0         0
         0         0         0         0         0         0 0.0001175         0         0         0         0         0         0         0         0         0         0         0         0         0         0         0         0         0         0         0         0         0     803.9         0         0         0         0         0         0         0         0         0         0         0         0 0.0005952         0         0         0 0.0001175  0.001853         0         0         0         0         0         0
         0         0         0         0     10.06     10.06         0         0         0         0         0         0         0         0         0         0         0         0         0         0         0         0         0         0         0         0         0         0         0         0         0         0     581.1         0         0         0         0         0         0         0         0         0         0         0         0         0         0         0         0         0         0         0         0
         0         0         0         0         0         0         0         0 0.0001175  0.001853         0         0         0         0         0         0         0         0         0         0         0         0         0         0         0         0         0         0     2.336         0         0         0         0         0         0         0         0         0         0         0         0         0 0.0005952         0         0         0         0 0.0001175  0.001853         0         0         0         0
         0         0         0         0         0         0         0         0         0         0         0         0         0         0         0         0         0         0         0         0         0         0     945.5         0         0         0         0         0         0         0     945.5         0         0         0         0         0         0         0         0         0         0         0         0         0         0         0         0         0         0         0         0         0         0
         0         0         0         0         0         0         0         0         0         0         0         0         0         0         0         0         0         0         0         0         0         0   0.05594         0         0         0         0         0 4.438e-05         0         0         0         0         0         0         0         0         0         0         0 4.142e-08         0         0  1.29e-07  1.29e-07         0         0         0         0         0         0         0         0
         0         0         0         0         0         0         0         0         0         0         0         0         0         0         0         0     2.336         0         0         0         0         0         0         0     803.9         0         0         0         0         0         0         0         0         0         0         0         0         0         0         0         0         0         0         0         0         0         0         0         0         0         0         0         0
         0         0         0         0         0         0         0         0         0         0         0         0         0         0         0         0         0         0         0         0         0         0         0         0         0     97.53         0         0         0         0         0         0         0         0         0         0         0         0         0    0.3333         0         0         0         0         0         0         0         0         0         0         0         0         0
         0         0         0         0         0         0         0         0         0         0         0         0         0         0         0         0         0         0         0         0         0         0  0.001139         0         0         0         0         0         0         0         0         0         0         0         0         0         0         0         0         0         0         0         0         0  0.004906         0         0         0         0         0         0         0         0
         0         0         0         0         0         0         0         0         0         0         0         0         0         0         0         0         0         0         0         0         0         0  0.001139         0         0         0         0         0         0         0         0         0         0         0         0         0         0         0         0         0         0         0         0  0.004906         0         0         0         0         0         0         0         0         0
         0         0         0         0         0         0         0         0         0         0         0         0         0         0         0         0         0         0         0         0         0         0         0         0         0         0         0     97.53         0         0         0         0         0         0         0         0         0         0         0     1.038         0         0         0         0         0         0         0         0         0         0         0         0         0
         0         0         0         0         0         0         0         0         0         0         0         0         0         0         0         0         0         0         0         0         0         0         0         0         0         0    0.1259         0         0         0         0         0         0         0         0       3.8         0         0     1.436         0         0         0         0         0         0         0         0         0         0    0.5423         0         0         0
         0         0         0         0         0         0         0         0         0         0         0         0         0         0         0         0         0         0         0         0         0         0         0         0         0         0         0         0         0         0         0         0         0  1.73e-06         0         0         0         0         0         0         0     683.5     1.436     3.231         0         0         0         0         0         0         0         0         0
         0         0         0         0         0         0         0         0         0         0         0         0         0         0         0         0         0         0         0         0         0         0         0         0         0         0         0         0         0   0.06579         0         0         0         0         0         0         0         0         0         0     803.9         0         0         0         0         0     3.231         0         0         0         0         0         0
         0         0         0         0         0         0         0         0         0         0         0         0         0         0         0         0         0         0         0         0         0         0         0         0         0         0         0         0         0         0         0   0.06579         0         0         0         0         0         0         0         0     2.336         0         0         0         0         0         0         0     3.231         0         0         0         0
         0         0         0         0     11.83         0         0         0         0         0         0         0         0         0         0         0         0         0         0         0         0         0         0         0         0         0         0         0       3.8         0         0         0         0  9.99e-05         0         0         0     1.436         0         0     59.94         0         0         0     97.53         0     683.5         0     1.436         0         0         0         0
         0         0         0         0         0     11.83         0         0         0         0         0         0         0         0         0         0         0         0         0         0         0         0         0         0         0         0         0         0    0.2409         0         0         0         0  9.99e-05         0         0     1.436         0         0         0         0         0         0     97.53         0     683.5         0     1.436         0         0         0         0         0
         0         0         0         0         0         0     11.83         0         0         0         0         0         0         0         0         0         0         0         0         0         0         0         0         0         0         0         0         0         0    0.2409         0         0         0         0         0         0         0         0         0         0         0         0         0         0     803.9         0     97.53         0         0         0         0         0         0
         0         0         0         0         0         0         0         0         0         0         0         0         0         0         0         0         0         0         0         0         0         0         0         0         0         0         0         0         0       3.8         0         0         0         0         0         0         0         0         0         0         0     59.94         0     803.9         0     97.53         0         0         0         0         0         0         0
         0         0         0         0         0         0         0         0     11.83         0         0         0         0         0         0         0         0         0         0         0         0         0         0         0         0         0         0         0         0         0         0    0.2409         0         0         0         0         0         0         0         0         0         0         0         0     2.336         0         0         0     97.53         0         0         0         0
         0         0         0         0         0         0         0         0         0     11.83         0         0         0         0         0         0         0         0         0         0         0         0         0         0         0         0         0         0         0         0         0       3.8         0         0         0         0         0         0         0         0         0         0     59.94     2.336         0         0         0     97.53         0         0         0         0         0
         0         0         0         0         0         0         0         0         0         0         0         0         0         0         0         0         0         0         0         0         0         0  0.004171         0         0         0         0         0         0         0         0         0         0         0         0         0         0         0         0     186.6         0         0         0         0         0         0         0         0         0         0         0         0         0
         0         0         0         0         0         0         0         0         0         0         0         0         0         0         0     1.436         0         0         0         0         0         0         0         0         0         0         0         0         0         0         0         0         0         0         0         0         0         0         0         0         0         0         0         0         0         0         0         0         0         0         0     97.53         0
         0         0         0         0         0         0         0         0         0         0         0         0         0         0         0         0     1.436         0         0         0         0         0         0         0         0         0         0         0         0         0         0         0         0         0         0         0         0         0         0         0         0         0         0         0         0         0         0         0         0         0     97.53         0     1.436
         0         0         0         0         0         0         0         0         0         0         0         0         0         0         0         0         0     1.436         0         0         0         0         0         0         0         0         0         0         0         0         0         0         0         0         0         0         0         0         0         0         0         0         0         0         0         0         0         0         0         0         0     2.336         0
