         0         0         0 0.0008234         0         0         0         0         0         0         0         0         0         0         0         0         0         0         0         0         0         0
         0         0     683.5         0         0  0.001853         0         0         0         0         0         0         0         0         0         0         0         0         0         0         0         0
         0     803.9         0         0     1.689         0         0         0         0         0         0         0         0         0         0         0         0         0         0         0         0         0
     3.231         0         0         0     1.689         0         0         0         0         0         0         0         0         0         0         0         0         0         0         0         0         0
         0         0     10.06     1.986         0         0         0         0         0         0         0         0         0         0         0         0         0         0         0         0         0         0
         0      70.5         0         0         0         0         0         0     2.747         0         0         0         0         0         0         0         0         0         0         0         0         0
         0         0         0         0         0         0         0     1.436         0   0.01797         0         0         0         0         0         0         0 0.0002248         0         0         0         0
         0         0         0         0         0         0     2.336         0         0         0   0.01797         0         0         0         0         0         0 0.0003658         0         0         0         0
         0         0         0         0         0     258.2         0         0         0         0         0     16.37         0         0         0         0         0         0         0         0         0         0
         0         0         0         0         0         0     1.436         0         0         0     1.436         0         0         0         0  0.007982         0         0 0.0002248         0         0         0
         0         0         0         0         0         0         0     1.436         0     2.336         0         0         0         0         0         0  0.007982         0 0.0003658         0         0         0
         0         0         0         0         0         0         0         0     494.1         0         0         0     59.94     1.436         0         0         0         0         0 0.0002248         0         0
         0         0         0         0         0         0         0         0         0         0         0     97.53         0         0     1.436    0.6378         0         0         0         0 0.0002248         0
         0         0         0         0         0         0         0         0         0         0         0     2.336         0         0     59.94         0         0         0         0 0.0003658         0         0
         0         0         0         0         0         0         0         0         0         0         0         0     2.336     97.53         0         0    0.6378         0         0         0 0.0003658         0
         0         0         0         0         0         0         0         0         0    0.1259         0         0     2.336         0         0         0     1.436         0         0         0         0 0.0002248
         0         0         0         0         0         0         0         0         0         0    0.1259         0         0         0     2.336     2.336         0         0         0         0         0 0.0003658
         0         0         0         0         0         0    0.6378    0.6378         0         0         0         0         0         0         0         0         0         0   0.01797         0         0         0
         0         0         0         0         0         0         0         0         0    0.6378    0.6378         0         0         0         0         0         0     1.436         0         0         0  0.007982
         0         0         0         0         0         0         0         0         0         0         0    0.6378         0    0.6378         0         0         0         0         0         0     59.94         0
         0         0         0         0         0         0         0         0         0         0         0         0    0.6378         0    0.6378         0         0         0         0     97.53         0    0.6378
         0         0         0         0         0         0         0         0         0         0         0         0         0         0         0    0.6378    0.6378         0    0.1259         0     2.336         0
