         0   0.02485         0         0         0         0         0         0         0         0         0         0         0         0         0         0         0         0         0         0         0         0         0         0         0         0         0         0         0         0         0         0         0         0         0         0         0         0         0         0
    0.2049         0     1.221         0         0         0         0         0         0         0         0 1.565e-08         0         0         0         0         0         0         0         0         0         0         0         0         0         0         0         0         0         0         0         0         0         0         0         0         0         0         0         0
         0     11.83         0     97.53 1.416e-10 1.665e-10         0         0         0         0         0         0         0         0 1.565e-08 2.973e-13 8.119e-14         0         0         0         0  5.73e-08         0         0         0         0         0 3.522e-08         0         0         0         0         0         0         0         0         0         0         0         0
         0         0     97.53         0 1.416e-10 1.665e-10         0         0         0         0         0         0         0 1.565e-08         0  4.69e-12 1.885e-14         0         0         0         0         0  5.73e-08         0         0         0         0         0 3.522e-08         0         0         0         0         0         0         0         0         0         0         0
         0         0 5.555e-07 5.555e-07         0     97.53         0     683.5         0     1.436         0         0         0         0         0 1.784e-07  1.25e-06         0         0         0         0         0         0         0         0         0         0         0         0 5.555e-07         0         0         0         0         0         0         0         0         0         0
         0         0 6.533e-07 6.533e-07     97.53         0     683.5         0     1.436         0         0         0         0         0         0 1.131e-08  1.25e-06         0         0         0         0         0         0         0         0         0         0         0         0         0 5.555e-07         0         0         0         0         0         0         0         0         0
         0         0         0         0         0     803.9         0     97.53         0         0         0         0         0         0         0         0         0 1.131e-08         0         0         0         0         0         0         0         0         0         0         0         0         0 5.555e-07         0         0         0         0         0         0         0         0
         0         0         0         0     803.9         0     97.53         0         0         0         0         0         0         0         0         0         0 1.784e-07         0         0         0         0         0         0         0         0         0         0         0         0         0         0 5.555e-07         0         0         0         0         0         0         0
         0         0         0         0         0     2.336         0         0         0     97.53         0         0         0         0         0         0         0         0         0 1.131e-08         0         0         0         0         0         0         0         0         0         0         0         0         0 5.555e-07         0         0         0         0         0         0
         0         0         0         0     2.336         0         0         0     97.53         0         0         0         0         0         0         0         0         0         0 1.784e-07         0         0         0         0         0         0         0         0         0         0         0         0         0         0 5.555e-07         0         0         0         0         0
         0         0         0         0         0         0         0         0         0         0         0     97.53         0     1.221         0         0         0         0         0         0         0         0         0         0         0         0         0         0         0         0         0         0         0         0         0         0         0         0         0         0
         0    0.5423         0         0         0         0         0         0         0         0     97.53         0     1.436         0     1.221         0         0         0         0         0         0         0         0         0         0         0         0         0         0         0         0         0         0         0         0         0         0         0         0         0
         0         0         0         0         0         0         0         0         0         0         0     2.336         0         0         0         0         0         0     1.221         0         0         0         0         0         0         0         0         0         0         0         0         0         0         0         0         0         0         0         0         0
         0         0         0    0.5423         0         0         0         0         0         0     11.83         0         0         0     97.53         0         0         0         0         0         0         0         0         0         0 3.865e-11         0         0  0.002564         0         0         0         0         0         0 1.281e-12         0 2.319e-05         0         0
         0         0    0.5423         0         0         0         0         0         0         0         0     11.83         0     97.53         0         0         0         0     1.436         0         0         0         0         0         0 3.865e-11         0  0.002564         0         0         0         0         0         0         0 1.281e-12         0         0 2.319e-05         0
         0         0 1.212e-05 0.0001912  0.001853 0.0001175         0         0         0         0         0         0         0         0         0         0 1.677e-05     683.5         0     1.436 1.677e-05         0         0         0         0         0         0         0         0  0.001853 0.0001175         0         0         0         0         0         0         0         0         0
         0         0  3.31e-06 7.684e-07   0.01299   0.01299         0         0         0         0         0         0         0         0         0 1.677e-05         0         0         0         0   0.02113 2.994e-08 2.994e-08 0.0001625 0.0001625         0         0         0         0         0         0         0         0         0         0 2.098e-07         0         0         0         0
         0         0         0         0         0         0 0.0001175  0.001853         0         0         0         0         0         0         0     803.9         0         0         0         0         0         0         0         0         0         0         0         0         0         0         0 0.0001175  0.001853         0         0         0         0         0         0         0
         0         0         0         0         0         0         0         0         0         0         0         0     11.83         0     2.336         0         0         0         0         0         0         0         0         0         0         0 3.865e-11         0         0         0         0         0         0         0         0         0 1.281e-12         0         0 2.319e-05
         0         0         0         0         0         0         0         0 0.0001175  0.001853         0         0         0         0         0     2.336         0         0         0         0         0         0         0         0         0         0         0         0         0         0         0         0         0 0.0001175  0.001853         0         0         0         0         0
         0         0         0         0         0         0         0         0         0         0         0         0         0         0         0 4.438e-05   0.05594         0         0         0         0         0         0         0         0         0         0         0         0  1.29e-07  1.29e-07         0         0         0         0         0         0         0         0         0
         0         0     13.92         0         0         0         0         0         0         0         0         0         0         0         0         0 1.784e-07         0         0         0         0         0         0         0         0         0         0         0         0         0         0         0         0         0         0         0         0         0         0         0
         0         0         0     13.92         0         0         0         0         0         0         0         0         0         0         0         0 1.784e-07         0         0         0         0         0         0         0         0         0         0         0         0         0         0         0         0         0         0         0         0         0         0         0
         0         0         0         0         0         0         0         0         0         0         0         0         0         0         0         0  0.001139         0         0         0         0         0         0         0         0         0         0         0         0         0  0.004906         0         0         0         0         0         0         0         0         0
         0         0         0         0         0         0         0         0         0         0         0         0         0         0         0         0  0.001139         0         0         0         0         0         0         0         0         0         0         0         0  0.004906         0         0         0         0         0         0         0         0         0         0
         0         0         0         0         0         0         0         0         0         0         0         0         0 3.747e-10 3.747e-10         0         0         0         0         0         0         0         0         0         0         0     1.436         0         0         0         0         0         0         0         0 2.233e-09         0         0         0         0
         0         0         0         0         0         0         0         0         0         0         0         0         0         0         0         0         0         0 3.747e-10         0         0         0         0         0         0     2.336         0         0         0         0         0         0         0         0         0         0 2.233e-09         0         0         0
         0         0      70.5         0         0         0         0         0         0         0         0         0         0         0    0.1481         0         0         0         0         0         0         0         0         0         0         0         0         0         0         0         0         0         0         0         0         0         0         0         0         0
         0         0         0      70.5         0         0         0         0         0         0         0         0         0    0.1481         0         0         0         0         0         0         0         0         0         0         0         0         0         0         0         0         0         0         0         0         0         0         0         0         0         0
         0         0         0         0     11.83         0         0         0         0         0         0         0         0         0         0       3.8         0         0         0         0  9.99e-05         0         0         0     1.436         0         0         0         0         0     97.53         0     683.5         0     1.436         0         0         0         0         0
         0         0         0         0         0     11.83         0         0         0         0         0         0         0         0         0    0.2409         0         0         0         0  9.99e-05         0         0     1.436         0         0         0         0         0     97.53         0     683.5         0     1.436         0         0         0         0         0         0
         0         0         0         0         0         0     11.83         0         0         0         0         0         0         0         0         0         0    0.2409         0         0         0         0         0         0         0         0         0         0         0         0     803.9         0     97.53         0         0         0         0         0         0         0
         0         0         0         0         0         0         0     11.83         0         0         0         0         0         0         0         0         0       3.8         0         0         0         0         0         0         0         0         0         0         0     803.9         0     97.53         0         0         0         0         0         0         0         0
         0         0         0         0         0         0         0         0     11.83         0         0         0         0         0         0         0         0         0         0    0.2409         0         0         0         0         0         0         0         0         0         0     2.336         0         0         0     97.53         0         0         0         0         0
         0         0         0         0         0         0         0         0         0     11.83         0         0         0         0         0         0         0         0         0       3.8         0         0         0         0         0         0         0         0         0     2.336         0         0         0     97.53         0         0         0         0         0         0
         0         0         0         0         0         0         0         0         0         0         0         0         0 2.994e-08 2.994e-08         0  0.004171         0         0         0         0         0         0         0         0 5.385e-06         0         0         0         0         0         0         0         0         0         0     1.436         0         0         0
         0         0         0         0         0         0         0         0         0         0         0         0         0         0         0         0         0         0 2.994e-08         0         0         0         0         0         0         0 5.385e-06         0         0         0         0         0         0         0         0     2.336         0         0         0         0
         0         0         0         0         0         0         0         0         0         0         0         0         0     1.436         0         0         0         0         0         0         0         0         0         0         0         0         0         0         0         0         0         0         0         0         0         0         0         0     97.53         0
         0         0         0         0         0         0         0         0         0         0         0         0         0         0     1.436         0         0         0         0         0         0         0         0         0         0         0         0         0         0         0         0         0         0         0         0         0         0     97.53         0     1.436
         0         0         0         0         0         0         0         0         0         0         0         0         0         0         0         0         0         0     1.436         0         0         0         0         0         0         0         0         0         0         0         0         0         0         0         0         0         0         0     2.336         0
