         0     1.436     16.37 0.0002248         0         0         0         0         0         0         0
     2.336         0         0 0.0003658         0         0         0         0         0         0         0
     59.94         0         0         0         0 8.494e-05         0         0         0         0         0
    0.6378    0.6378         0         0     16.37         0   0.04044   0.06579   0.04044         0   0.07738
         0         0         0     59.94         0         0         0     0.392         0         0         0
         0         0    0.6378         0         0         0   0.04756     0.392         0         0         0
         0         0         0     1.986         0    0.2409         0     1.038         0     10.06         0
         0         0         0     7.273     11.83      4.47     2.336         0         0         0     10.06
         0         0         0     11.83         0         0         0         0         0     59.94     1.038
         0         0         0         0         0         0     134.9         0     134.9         0         0
         0         0         0     50.97         0         0         0     59.94     2.336         0         0
