         0   0.02485         0         0         0         0         0         0         0         0         0         0         0         0         0         0         0         0         0         0         0         0         0         0         0         0         0         0         0         0         0         0         0         0         0         0         0         0         0         0         0         0         0         0         0         0         0         0         0         0         0         0         0         0
    0.2049         0     1.221         0         0   0.09102         0         0         0         0         0         0         0         0         0         0         0         0 1.565e-08         0         0         0         0         0         0         0         0         0         0         0         0         0         0         0         0         0         0         0         0         0         0         0         0         0         0         0         0         0         0         0         0         0         0         0
         0     11.83         0     1.436         0         0         0         0  0.003015         0         0         0         0         0         0         0         0         0         0         0         0         0         0         0         0         0         0         0         0         0         0 1.565e-08         0         0         0         0         0         0         0         0         0         0         0 3.987e-12         0         0         0         0         0         0         0         0         0         0
         0         0     2.336         0     97.53         0         0         0         0         0         0 3.522e-08 2.994e-08         0 3.186e-10 1.212e-05         0         0         0         0         0         0         0         0         0         0         0         0         0         0         0         0         0         0         0 1.565e-08         0         0         0         0         0         0         0         0 3.987e-12         0         0         0         0         0         0         0         0         0
         0         0         0     97.53         0         0         0         0         0         0         0 3.522e-08 2.994e-08         0 3.186e-10         0 1.212e-05         0         0         0         0         0         0         0         0         0         0         0         0         0         0         0         0         0 1.565e-08         0         0         0         0         0         0         0         0         0         0         0         0         0         0         0         0         0         0         0
         0     11.83         0         0         0         0         0         0         0 0.0001175  9.99e-05         0         0         0         0         0         0         0         0         0         0         0         0         0         0         0         0         0         0         0         0         0         0         0         0         0         0         0         0         0         0         0         0         0         0         0         0         0         0         0         0         0         0         0
         0         0         0         0         0         0         0     97.53         0         0     683.5         0     1.436         0         0         0         0         0         0 0.0001175         0         0         0         0         0         0 0.0002248         0         0 0.0002645         0         0         0         0         0         0         0         0         0         0         0         0         0         0         0         0         0         0         0         0         0         0 6.289e-11         0
         0         0         0         0         0         0     97.53         0         0     683.5         0     1.436         0         0         0         0         0         0         0 0.0001382         0         0         0         0         0 0.0002248         0         0         0 0.0002645         0         0         0         0         0         0         0  0.001853         0         0         0         0         0         0         0         0         0         0         0         0         0         0         0         0
         0         0     13.92         0         0         0         0         0         0   0.04044   0.03438         0         0         0         0         0         0         0         0         0         0         0         0         0         0         0         0         0         0         0         0         0         0         0         0         0         0         0         0         0         0         0         0         0         0         0         0         0         0         0         0         0         0         0
         0         0         0         0         0   0.04044         0     803.9   0.04044         0     97.53         0         0         0         0         0         0         0         0         0         0         0         0         0         0         0         0         0         0         0         0         0         0         0         0         0         0         0         0         0         0         0         0         0         0         0         0         0         0         0         0         0         0         0
         0         0         0         0         0   0.03438     803.9         0   0.03438     97.53         0         0         0         0         0         0         0         0         0         0         0         0         0         0         0         0         0         0         0         0         0         0         0         0         0         0         0         0         0         0         0         0         0         0         0         0         0         0         0         0         0         0         0         0
         0         0         0 0.0001382 0.0001382         0         0     2.336         0         0         0         0     97.53 0.0005952  1.03e-05         0         0         0         0         0         0         0         0         0         0 0.0003658         0         0         0         0         0         0         0 0.0002645         0         0         0         0         0  0.001853         0         0         0         0 3.747e-10         0         0         0         0         0         0         0         0         0
         0         0         0 0.0001175 0.0001175         0     2.336         0         0         0         0     97.53         0 2.814e-06 2.814e-06         0         0         0         0         0         0         0         0         0         0         0 0.0003658         0         0         0         0         0         0 0.0002645         0         0         0         0         0         0         0         0         0         0 3.747e-10         0         0         0         0         0         0         0         0 6.289e-11
         0         0         0         0         0         0         0         0         0         0         0   0.01797 8.494e-05         0     1.221         0         0         0         0         0         0         0         0         0         0         0         0         0         0         0         0         0         0         0         0         0         0         0         0         0         0         0         0         0         0         0         0         0         0         0         0         0         0         0
         0         0         0 0.0003658 0.0003658         0         0         0         0         0         0  0.003015 0.0008234     11.83         0         0         0         0         0         0         0         0         0         0         0         0         0 5.555e-07 1.972e-05         0         0         0         0         0         0         0         0         0         0         0         0         0         0         0         0         0         0         0         0         0         0         0         0         0
         0         0         0     13.92         0         0         0         0         0         0         0         0         0         0         0         0         0         0         0         0         0         0         0     258.2         0         0         0         0         0         0         0         0         0         0         0         0         0         0         0         0         0         0         0         0         0         0         0         0         0         0         0         0         0         0
         0         0         0         0     13.92         0         0         0         0         0         0         0         0         0         0         0         0         0         0         0         0         0         0         0     258.2         0         0         0         0         0         0         0         0         0         0         0         0         0         0         0         0         0         0         0         0         0         0         0         0         0         0         0         0         0
         0         0         0         0         0         0         0         0         0         0         0         0         0         0         0         0         0         0     97.53         0         0     1.436         0         0         0         0         0         0         0         0     1.221         0         0         0         0         0         0         0         0         0         0         0         0         0         0         0         0         0         0         0         0         0         0         0
         0    0.5423         0         0         0         0         0         0         0         0         0         0         0         0         0         0         0     97.53         0         0         0         0     1.436         0         0         0         0         0         0         0         0     1.221         0         0         0         0         0         0         0         0         0   0.09102         0         0         0         0         0         0         0         0         0         0         0         0
         0         0         0         0         0         0     0.107    0.1259         0         0         0         0         0         0         0         0         0         0         0         0     13.92         0         0         0         0         0         0         0         0         0         0         0         0         0         0         0         0         0         0         0         0         0         0         0         0         0         0         0         0         0         0         0         0         0
         0         0         0         0         0         0         0         0         0         0         0         0         0         0         0         0         0         0         0     16.37         0         0         0         0         0         0         0         0         0         0         0         0         0         0         0         0         0         0         0         0 8.761e-06         0         0         0         0         0         0         0         0         0         0         0         0         0
         0         0         0         0         0         0         0         0         0         0         0         0         0         0         0         0         0     2.336         0         0         0         0     97.53         0         0         0         0         0         0         0         0         0         0         0     1.221         0         0         0         0         0         0         0         0         0         0         0         0         0         0         0         0         0         0         0
         0         0         0         0         0         0         0         0         0         0         0         0         0         0         0         0         0         0     2.336         0         0     97.53         0         0         0         0         0         0         0         0         0         0         0         0         0     1.221         0         0         0         0         0         0   0.09102         0         0         0         0         0         0         0         0         0         0         0
         0         0         0         0         0         0         0         0         0         0         0         0         0         0         0     803.9         0         0         0         0         0         0         0         0         0         0         0         0         0         0         0         0         0         0         0         0         0         0         0         0         0         0         0         0         0         0         0 3.774e-05         0         0         0         0         0         0
         0         0         0         0         0         0         0         0         0         0         0         0         0         0         0         0     803.9         0         0         0         0         0         0         0         0         0         0         0         0         0         0         0         0         0         0         0         0         0         0         0         0         0         0         0         0         0         0 3.774e-05         0         0         0         0         0         0
         0         0         0         0         0         0         0    0.6378         0         0         0    0.6378         0         0         0         0         0         0         0         0         0         0         0         0         0         0     97.53         0         0         0         0         0         0         0         0         0         0         0         0         0         0         0         0         0         0         0         0         0         0         0         0         0         0         0
         0         0         0         0         0         0    0.6378         0         0         0         0         0    0.6378         0         0         0         0         0         0         0         0         0         0         0         0     97.53         0         0         0         0         0         0         0         0         0         0         0         0         0         0         0         0         0         0         0         0         0         0         0         0         0         0         0         0
         0         0         0         0         0         0         0         0         0         0         0         0         0         0 4.578e-06         0         0         0         0         0         0         0         0         0         0         0         0         0         0         0         0         0         0         0         0    0.1481         0         0         0         0         0         0         0         0         0         0         0         0         0         0         0         0         0         0
         0         0         0         0         0         0         0         0         0         0         0         0         0         0 0.0001625         0         0         0         0         0         0         0         0         0         0         0         0         0         0         0         0         0         0         0    0.1481         0         0         0         0         0         0         0         0         0         0         0         0         0         0         0         0         0         0         0
         0         0         0         0         0         0     1.986     1.986         0         0         0         0         0         0         0         0         0         0         0         0         0         0         0         0         0         0         0         0         0         0         0         0     6.183         0         0         0         0         0         0         0         0         0         0         0         0         0         0         0         0         0         0         0         0         0
         0         0         0         0         0         0         0         0         0         0         0         0         0         0         0         0         0     11.83         0         0         0         0         0         0         0         0         0         0         0         0         0     97.53         0         0     1.436         0         0         0         0         0         0         0         0         0         0         0         0         0         0         0         0         0         0         0
         0         0    0.5423         0         0         0         0         0         0         0         0         0         0         0         0         0         0         0     11.83         0         0         0         0         0         0         0         0         0         0         0     97.53         0         0         0         0     1.436         0         0         0         0  0.003015         0         0  0.003015         0         0         0         0         0         0         0         0         0         0
         0         0         0         0         0         0         0         0         0         0         0         0         0         0         0         0         0         0         0         0         0         0         0         0         0         0         0         0         0     8.554         0         0         0         0         0         0         0         0         0         0         0         0         0         0         0 4.438e-05         0         0         0         0         0         0         0         0
         0         0         0         0         0         0         0         0         0         0         0     1.986     1.986         0         0         0         0         0         0         0         0         0         0         0         0         0         0         0         0         0         0         0         0         0         0         0     6.183         0         0         0         0         0         0         0         0         0         0         0         0         0         0         0         0         0
         0         0         0         0    0.5423         0         0         0         0         0         0         0         0         0         0         0         0         0         0         0         0     11.83         0         0         0         0         0         0    0.5423         0     2.336         0         0         0         0     97.53         0         0         0         0         0         0         0         0         0         0         0         0         0         0         0         0         0         0
         0         0         0    0.5423         0         0         0         0         0         0         0         0         0         0         0         0         0         0         0         0         0         0     11.83         0         0         0         0    0.5423         0         0         0     2.336         0         0     97.53         0         0         0         0         0         0         0         0         0  0.003015         0         0         0         0  0.003015         0         0         0         0
         0         0         0         0         0         0         0         0         0         0         0         0         0         0         0         0         0         0         0         0         0         0         0         0         0         0         0         0         0         0         0         0         0     8.554         0         0         0         0         0         0         0         0         0         0         0         0 4.438e-05         0         0         0         0         0         0         0
         0         0         0         0         0         0         0      70.5         0         0         0         0         0         0         0         0         0         0         0         0         0         0         0         0         0         0         0         0         0         0         0         0         0         0         0         0         0         0         0         0         0         0         0         0         0         0         0         0     1.436         0         0         0         0         0
         0         0         0         0         0         0         0         0         0         0         0         0         0         0         0         0         0         0         0         0         0         0         0         0         0         0         0         0         0         0         0         0         0         0         0         0         0         0         0         0         0         0         0         0         0         0         0     2.336         0         0         0         0         0 1.063e-06
         0         0         0         0         0         0         0         0         0         0         0      70.5         0         0         0         0         0         0         0         0         0         0         0         0         0         0         0         0         0         0         0         0         0         0         0         0         0         0         0         0         0         0         0         0         0         0         0         0         0         0     1.436         0         0         0
         0         0         0         0         0         0         0         0         0         0         0         0         0         0         0         0         0         0         0         0 0.0009685         0         0         0         0         0         0         0         0         0         0   0.04044         0         0         0         0         0         0         0         0         0         0         0  0.009389         0  1.25e-06         0         0         0         0         0         0  1.25e-06         0
         0         0         0         0         0         0         0         0         0         0         0         0         0         0         0         0         0         0     11.83         0         0         0         0         0         0         0         0         0         0         0         0         0         0         0         0         0         0         0         0         0         0         0         0     11.83         0         0         0         0         0         0         0         0         0         0
         0         0         0         0         0         0         0         0         0         0         0         0         0         0         0         0         0         0         0         0         0         0     11.83         0         0         0         0         0         0         0         0         0         0         0         0         0         0         0         0         0         0         0         0         0     11.83         0         0         0         0         0         0         0         0         0
         0         0  0.003547         0         0         0         0         0         0         0         0         0         0         0         0         0         0         0         0         0         0         0         0         0         0         0         0         0         0         0         0   0.07738         0         0         0         0         0         0         0         0   0.01797     22.64         0         0     1.436         0         0         0         0         0         0         0 2.393e-06         0
         0         0         0  0.003547         0         0         0         0         0         0         0 8.494e-05 8.494e-05         0         0         0         0         0         0         0         0         0         0         0         0         0         0         0         0         0         0         0         0         0         0   0.07738         0         0         0         0         0         0     22.64     2.336         0         0 1.972e-05         0         0   0.05594         0   0.01797         0 2.393e-06
         0         0         0         0         0         0         0         0         0         0         0         0         0         0         0         0         0         0         0         0         0         0         0         0         0         0         0         0         0         0         0         0  0.004171         0         0         0         0         0         0         0  1.03e-05         0         0         0         0         0     1.436         0         0         0         0         0   0.01299         0
         0         0         0         0         0         0         0         0         0         0         0         0         0         0         0         0         0         0         0         0         0         0         0         0         0         0         0         0         0         0         0         0         0         0         0         0  0.004171         0         0         0         0         0         0         0 8.494e-05     2.336         0         0         0         0         0         0         0   0.01299
         0         0         0         0         0         0         0         0         0         0         0         0         0         0         0         0         0         0         0         0         0         0         0    0.1259    0.1259         0         0         0         0         0         0         0         0         0         0         0         0         0     303.7         0         0         0         0         0         0         0         0         0         0         0         0         0         0         0
         0         0         0         0         0         0         0         0         0         0         0         0         0         0         0         0         0         0         0         0         0         0         0         0         0         0         0         0         0         0         0         0         0         0         0         0         0     258.2         0         0         0         0         0         0         0         0         0         0         0         0         0         0   0.00218         0
         0         0         0         0         0         0         0         0         0         0         0         0         0         0         0         0         0         0         0         0         0         0         0         0         0         0         0         0         0         0         0         0         0         0         0     1.986         0         0         0         0         0         0         0         0     1.436         0         0         0         0         0         0     258.2         0         0
         0         0         0         0         0         0         0         0         0         0         0         0         0         0         0         0         0         0         0         0         0         0         0         0         0         0         0         0         0         0         0         0         0         0         0         0         0         0         0     258.2         0         0         0         0         0         0         0         0         0         0         0         0         0   0.00218
         0         0         0         0         0         0         0         0         0         0         0         0         0         0         0         0         0         0         0         0         0         0         0         0         0         0         0         0         0         0         0         0         0         0         0         0         0         0         0         0         0         0         0         0     1.436         0         0         0         0     803.9         0         0         0 0.0001912
         0         0         0         0         0         0   0.00577         0         0         0         0         0         0         0         0         0         0         0         0         0         0         0         0         0         0         0         0         0         0         0         0         0         0         0         0         0         0         0         0         0 0.0009685         0         0 0.0009685         0     1.221         0         0   0.02923         0         0         0         0     1.436
         0         0         0         0         0         0         0         0         0         0         0         0   0.00577         0         0         0         0         0         0         0         0         0         0         0         0         0         0         0         0         0         0         0         0         0         0         0         0         0  0.004171         0         0         0         0         0 0.0009685         0     1.221         0         0         0   0.02923 0.0009685     2.336         0
