         0   0.02485         0         0    0.1259         0         0         0         0         0         0         0         0 1.096e-07 9.323e-08         0         0         0         0         0         0         0         0         0         0         0         0         0         0         0         0         0         0         0         0         0         0         0         0         0         0         0         0         0         0         0         0         0         0         0         0         0         0         0
    0.2049         0     1.436         0         0   0.09102         0         0         0         0         0         0         0         0         0         0         0         0         0         0         0         0         0         0         0         0         0         0 1.565e-08         0         0         0         0         0         0         0         0         0         0         0         0         0         0         0         0         0         0         0         0         0         0         0         0         0
         0     2.336         0     97.53         0         0         0         0 3.865e-11         0         0         0         0         0         0 0.0003658         0         0 3.089e-09         0 3.186e-10         0         0         0 7.449e-06         0         0         0         0         0 1.565e-08         0         0         0         0         0         0         0         0         0         0         0         0         0         0         0         0         0         0         0         0         0         0         0
         0         0     97.53         0         0         0         0         0 3.865e-11         0         0         0         0         0         0         0 0.0003658         0         0         0 3.186e-10         0         0         0         0         0         0         0         0 1.565e-08         0         0         0         0         0         0         0         0         0         0         0         0         0         0         0         0         0         0         0         0         0         0         0         0
     82.92         0         0         0         0     6.183         0 7.684e-07         0         0         0         0         0         0         0         0         0         0         0         0         0         0         0         0         0         0         0         0         0         0         0         0         0         0         0         0         0         0         0         0         0         0         0         0         0         0         0         0         0         0         0         0         0         0
         0     11.83         0         0     10.06         0         0         0         0         0         0         0         0 0.0001175  9.99e-05         0         0         0         0         0         0         0         0         0         0         0         0         0         0         0         0         0         0         0         0         0         0         0         0         0         0         0         0         0         0         0         0         0         0         0         0         0         0         0
         0         0         0         0         0         0         0     683.5     1.436   0.02485         0  0.009389  0.009389         0         0         0         0         0         0         0         0         0 0.0002248         0         0         0         0         0         0         0         0         0         0         0         0         0         0         0         0         0         0  0.004171         0         0         0         0         0  1.29e-07         0         0         0         0         0         0
         0         0         0         0 3.774e-05         0     803.9         0         0         0         0         0         0  0.009389  0.009389         0         0         0         0         0         0         0         0         0         0         0         0         0         0         0         0         0         0         0         0         0         0         0         0         0         0         0         0         0         0         0         0         0         0         0         0         0         0         0
         0         0  1.29e-07  1.29e-07         0         0     2.336         0         0         0   0.02485         0         0         0         0         0         0  0.009389  0.009389         0  1.33e-08         0 0.0003658         0         0         0         0         0         0         0         0         0         0         0         0         0         0         0         0         0         0         0         0         0         0         0         0         0         0  1.29e-07         0         0         0         0
         0         0         0         0         0         0     0.107         0         0         0         0         0         0         0         0         0         0         0         0         0         0         0         0         0         0         0         0         0         0         0         0 3.893e-06         0         0         0         0         0         0         0         0         0         0         0         0         0         0         0         0         0         0         0         0         0         0
         0         0         0         0         0         0         0         0     0.107         0         0         0         0         0         0         0         0         0         0         0         0         0         0         0         0         0         0         0         0         0         0         0         0         0         0         0         0 3.893e-06         0         0         0         0         0         0         0         0         0         0         0         0         0         0         0         0
         0         0         0         0         0         0     0.107         0         0         0         0         0     97.53         0     683.5         0         0         0     1.436 0.0005061         0         0         0         0         0         0         0         0         0         0         0         0         0         0         0         0 0.0002248         0 0.0002645         0         0         0         0         0         0         0         0         0         0         0         0         0         0 6.289e-11
         0         0         0         0         0         0     0.107         0         0         0         0     97.53         0     683.5         0         0         0     1.436         0 0.0005061         0         0         0         0         0         0         0         0         0         0         0         0         0         0         0 0.0002248         0         0 0.0002645         0         0         0         0         0  0.001853         0         0         0         0         0         0         0         0         0
   0.04044         0         0         0         0   0.04044         0     0.107         0         0         0         0     803.9         0     97.53         0         0         0         0         0         0         0         0         0         0         0         0         0         0         0         0         0         0         0         0         0         0         0         0         0         0         0         0         0         0         0         0         0         0         0         0         0         0         0
   0.03438         0         0         0         0   0.03438         0     0.107         0         0         0     803.9         0     97.53         0         0         0         0         0         0         0         0         0         0         0         0         0         0         0         0         0         0         0         0         0         0         0         0         0         0         0         0         0         0         0         0         0         0         0         0         0         0         0         0
         0         0     11.83         0         0         0         0         0         0         0         0         0         0         0         0         0         0 0.0001175         0         0         0 1.096e-07         0         0         0         0         0         0         0         0         0         0         0         0         0         0         0         0         0         0         0         0         0         0         0         0         0         0         0         0         0         0         0         0
         0         0         0     11.83         0         0         0         0         0         0         0         0         0         0         0         0         0 0.0001175  9.99e-05         0         0         0         0         0         0         0         0         0         0         0         0         0         0         0         0         0         0         0         0         0         0         0         0         0         0         0         0         0 7.684e-07         0         0         0         0         0
         0         0         0         0         0         0         0         0     0.107         0         0         0     2.336         0         0 0.0001382 0.0001382         0     97.53         0 0.0005952         0         0         0         0         0         0         0         0         0         0         0         0         0         0 0.0003658         0         0         0         0         0         0 0.0002645         0         0         0         0         0         0         0         0         0         0         0
         0         0 0.0001175         0         0         0         0         0     0.107         0         0     2.336         0         0         0         0 0.0001175     97.53         0         0 2.814e-06         0         0         0         0         0         0         0         0         0         0         0         0         0         0         0 0.0003658         0         0         0         0         0 0.0002645         0         0         0         0         0         0         0         0         0         0         0
         0         0         0         0         0         0         0         0         0         0         0 0.0008234 0.0008234         0         0         0         0         0         0         0         0         0         0         0         0         0         0         0         0         0         0         0         0         0 3.893e-06         0         0         0         0         0         0         0         0         0         0         0         0         0         0         0         0         0         0         0
         0         0 0.0003658 0.0003658         0         0         0         0 4.578e-06         0         0         0         0         0         0         0         0   0.01797 8.494e-05         0         0         0         0         0 5.555e-07 1.972e-05         0         0         0         0         0         0         0         0         0         0         0         0         0         0         0         0         0         0         0         0         0         0         0         0         0         0         0         0
         0         0         0         0         0         0         0         0         0         0         0         0         0         0         0 6.334e-06         0         0         0         0         0         0         0         0         0         0         0         0         0         0         0         0         0         0         0         0         0         0         0         0         0         0         0         0         0         0         0         0 4.438e-05 2.098e-07         0         0         0         0
         0         0         0         0         0         0    0.6378         0    0.6378         0         0         0         0         0         0         0         0         0         0         0         0         0         0         0         0         0         0         0         0         0         0         0         0         0         0  0.009389  0.009389         0         0         0         0         0         0         0         0         0         0         0         0         0         0         0         0         0
         0         0         0         0         0         0         0         0         0         0         0         0         0         0         0         0         0         0         0         0         0         0         0         0         0         0         0         0         0         0         0         0         0         0         0         0         0         0         0         0         0     0.107         0         0         0   0.07738         0         0         0         0         0         0         0         0
         0         0      70.5         0         0         0         0         0         0         0         0         0         0         0         0         0         0         0         0         0 4.578e-06         0         0         0         0         0         0         0         0         0    0.1481         0         0         0         0         0         0         0         0         0         0         0         0         0         0         0         0         0         0         0         0         0         0         0
         0         0         0         0         0         0         0         0         0         0         0         0         0         0         0         0         0         0         0         0 0.0001625         0         0         0         0         0         0         0         0    0.1481         0         0         0         0         0         0         0         0         0         0         0         0         0         0         0         0         0         0         0         0         0         0         0         0
         0         0         0         0         0         0         0         0         0         0         0         0         0         0         0         0         0         0         0         0         0         0         0         0         0         0         0         0         0         0         0     31.32 9.038e-07    0.7502 2.319e-05         0         0         0         0         0         0         0         0         0         0         0         0         0         0         0         0         0         0         0
         0         0         0         0         0         0         0         0         0         0         0         0         0         0         0         0         0         0         0         0         0         0         0         0         0         0         0         0     97.53     1.436         0         0         0         0         0         0         0         0         0         0         0         0         0         0         0         0         0         0         0         0         0         0         0         0
         0    0.5423         0         0         0         0         0         0         0         0         0         0         0         0         0         0         0         0         0         0         0         0         0         0         0         0         0     97.53         0         0     1.436         0     1.221         0    0.1259         0         0         0         0         0         0         0         0         0         0         0         0         0         0         0         0         0         0         0
         0         0         0    0.5423         0         0         0         0         0         0         0         0         0         0         0         0         0         0         0         0         0         0         0         0         0    0.5423         0     2.336         0         0     97.53         0         0         0         0         0         0         0         0         0         0         0         0         0         0         0         0         0         0         0         0         0         0         0
         0         0    0.5423         0         0         0         0         0         0         0         0         0         0         0         0         0         0         0         0         0         0         0         0         0    0.5423         0         0         0     2.336     97.53         0         0         0         0         0         0         0         0         0         0         0         0         0         0         0         0         0         0         0 2.794e-11         0         0         0         0
         0         0         0         0         0         0         0         0         0   0.01797         0         0         0         0         0         0         0         0         0         0         0         0         0         0         0         0     97.53         0         0         0         0         0         0         0         0         0         0     1.436         0 4.438e-05         0         0         0         0         0         0     1.221  6.14e-05         0         0         0         0         0         0
         0         0         0         0         0         0         0         0         0         0         0         0         0         0         0         0         0         0         0         0         0         0         0         0         0         0 2.814e-06         0     2.336         0         0         0         0         0  0.009389         0         0         0         0         0         0         0         0         0         0         0         0         0         0         0         0         0         0         0
         0         0         0         0         0         0         0         0         0         0         0         0         0         0         0         0         0         0         0         0         0         0         0         0         0         0     2.336         0         0         0         0         0         0         0         0         0         0     59.94         0         0         0         0         0         0         0         0         0         0         0         0         0         0         0         0
         0         0         0         0         0         0         0         0         0         0         0         0         0         0         0         0         0         0         0   0.00577         0         0         0         0         0         0  9.99e-05         0    0.3333         0         0         0   0.01299         0         0         0         0         0         0     31.32         0         0         0         0         0         0         0         0         0         0         0         0         0         0
         0         0         0         0         0         0         0         0         0         0         0         0    0.6378         0         0         0         0    0.6378         0         0         0         0     0.107         0         0         0         0         0         0         0         0         0         0         0         0         0     97.53         0         0         0         0         0         0         0         0         0         0         0         0         0         0         0         0         0
         0         0         0         0         0         0         0         0         0         0         0    0.6378         0         0         0         0         0         0    0.6378         0         0         0     0.107         0         0         0         0         0         0         0         0         0         0         0         0     97.53         0         0         0         0         0         0         0         0         0         0         0         0         0         0         0         0         0         0
         0         0         0         0         0         0         0         0         0         0   0.01797         0         0         0         0         0         0         0         0         0         0         0         0         0         0         0         0         0         0         0         0     2.336         0     97.53         0         0         0         0         0         0         0         0         0         0         0         0         0         0         0  6.14e-05         0         0         0         0
         0         0         0         0         0         0         0         0         0         0         0     1.986     1.986         0         0         0         0         0         0         0         0         0         0         0         0         0         0         0         0         0         0         0         0         0         0         0         0         0         0         0     6.183         0         0         0         0         0         0         0         0         0         0         0         0         0
         0         0         0         0         0         0         0         0         0         0         0         0         0         0         0         0         0         0         0         0         0         0         0         0         0         0         0         0         0         0         0 0.0001912         0         0     97.53         0         0         0         0         0         0         0         0         0         0         0         0 4.578e-06         0         0         0         0         0 2.903e-07
         0         0         0         0         0         0         0         0         0         0         0         0         0         0         0         0         0         0         0         0         0         0         0         0         0         0         0         0         0         0         0         0         0         0         0         0         0         0     8.554         0         0         0         0         0         0         0         0 4.438e-05         0         0         0         0         0         0
         0         0         0         0         0         0     494.1         0         0         0         0         0         0         0         0         0         0         0         0         0         0         0         0     3.231         0         0         0         0         0         0         0         0         0         0         0         0         0         0         0         0         0         0         0         0         0         0         0         0         0         0         0         0         0         0
         0         0         0         0         0         0         0         0         0         0         0         0         0         0         0         0         0     1.986     1.986         0         0         0         0         0         0         0         0         0         0         0         0         0         0         0         0         0         0         0         0         0         0         0         0     6.183         0         0         0         0         0         0         0         0         0         0
         0         0         0         0         0         0         0         0         0         0         0         0         0         0         0         0         0         0         0         0         0         0         0         0         0         0         0         0         0         0         0         0         0         0         0         0         0         0         0         0         0         0     8.554         0         0         0         0         0         0 4.438e-05         0         0         0         0
         0         0         0         0         0         0         0         0         0         0         0         0      70.5         0         0         0         0         0         0         0         0         0         0         0         0         0         0         0         0         0         0         0         0         0         0         0         0         0         0         0         0         0         0         0         0         0         0         0         0         0     1.436         0         0         0
         0         0         0         0         0         0         0         0         0         0         0         0         0         0         0         0         0         0         0         0         0         0         0      70.5         0         0         0         0         0         0         0         0         0         0         0         0         0         0         0         0         0         0         0         0         0         0         0         0         0         0         0     2.747         0         0
         0         0         0         0         0         0         0         0         0         0         0         0         0         0         0         0         0         0         0         0         0         0         0         0         0         0         0         0         0         0         0     357.2         0         0         0         0         0         0         0         0         0         0         0         0         0         0         0         0         0         0         0         0   0.01797         0
         0         0         0         0         0         0     1.436         0         0         0         0         0         0         0         0         0         0         0         0         0         0         0         0         0         0         0         0         0         0         0         0   0.03438         0         0         0         0         0         0         0 0.0005952  0.004171         0         0         0         0         0         0         0         0     1.436         0         0     13.92   0.01299
         0         0         0         0         0         0         0         0         0         0         0         0         0         0         0         0    0.5423         0         0         0         0    0.5423         0         0         0         0         0         0         0         0         0         0         0         0         0         0         0         0         0         0         0         0         0         0         0         0         0         0         0         0         0         0         0         0
         0         0         0         0         0         0         0         0     1.436         0         0         0         0         0         0         0         0         0         0         0         0  0.004171         0         0         0         0         0         0         0         0 2.994e-08         0         0         0         0         0         0   0.03438         0         0         0         0         0  0.004171         0         0         0     2.336         0         0         0         0         0         0
         0         0         0         0         0         0         0         0         0         0         0         0         0         0         0         0         0         0         0         0         0         0         0         0         0         0         0         0         0         0         0         0         0         0         0         0         0         0         0         0         0         0         0         0     258.2         0         0         0         0         0         0         0         0   0.00218
         0         0         0         0         0         0         0         0         0         0         0         0         0         0         0         0         0         0         0         0         0         0         0         0         0         0         0         0         0         0         0         0         0         0         0         0         0         0         0         0         0         0         0         0         0     258.2         0         0         0         0         0         0         0    0.4611
         0         0         0         0         0         0         0         0         0         0         0         0         0         0         0         0         0         0         0         0         0         0         0         0         0         0         0         0         0         0         0         0         0         0         0         0         0         0         0         0         0         0         0         0         0         0     1.436     581.1         0         0         0         0         0         0
         0         0         0         0         0         0         0         0         0         0         0   0.00577         0         0         0         0         0         0         0         0         0         0         0         0         0         0         0         0         0         0         0         0         0         0         0         0         0         0         0  0.003547         0         0         0         0         0         0         0     1.221         0         0   0.02923     1.436         0         0
