         0     26.63         0         0         0         0         0         0         0         0         0         0         0         0         0         0         0         0         0         0         0         0         0         0         0         0         0         0         0         0         0         0         0         0         0         0         0         0         0         0         0         0         0         0         0         0         0         0         0         0         0
     303.7         0     2.336         0         0         0 2.709e-10         0         0         0         0         0         0         0         0         0         0         0         0         0         0         0         0         0         0         0         0         0         0         0         0         0         0         0         0         0         0         0         0         0         0         0         0         0         0         0         0         0         0         0         0
         0     303.7         0  1.84e-08         0         0         0 3.089e-09         0         0         0         0         0         0         0         0         0         0         0         0         0         0         0         0         0         0         0         0         0         0         0         0         0         0         0         0         0         0         0         0         0         0         0         0         0         0         0         0         0         0         0
         0         0 6.334e-06         0         0         0         0         0         0         0         0         0         0         0         0         0         0         0         0         0  0.004906         0         0         0         0         0         0         0         0         0         0         0         0         0         0         0         0         0         0         0         0         0         0         0         0         0         0         0         0         0         0
         0         0         0         0         0     97.53     683.5         0     1.436         0         0         0         0         0         0         0         0         0         0         0         0         0         0         0         0         0         0         0         0         0         0 7.171e-10         0         0         0         0         0         0         0         0         0         0         0         0         0         0         0         0         0         0         0
         0         0         0         0     97.53         0         0     683.5         0     1.436         0         0         0         0     8.554         0         0         0         0         0         0         0         0         0         0         0         0         0         0         0 7.171e-10 7.171e-10         0         0         0         0         0         0         0         0         0         0         0         0         0         0 5.347e-11         0         0         0         0
         0  0.003015         0         0     803.9         0         0     97.53         0         0         0     1.436         0         0         0         0         0         0     7.273         0 0.0009685         0         0         0         0         0         0         0         0         0         0         0         0         0         0         0         0         0         0         0         0         0         0         0         0         0         0         0         0         0         0
         0         0 0.0002645         0         0     803.9     97.53         0         0         0     1.436         0         0         0         0     8.554         0         0         0     7.273 0.0009685         0         0         0         0         0         0         0         0         0         0         0         0         0         0         0         0         0         0         0         0         0         0         0         0         0         0 5.347e-11         0         0         0
         0         0         0         0     2.336         0         0         0         0     97.53         0     683.5         0         0         0         0         0         0         0         0         0         0         0         0         0         0         0         0         0         0         0         0         0         0         0         0         0         0         0         0         0         0         0         0         0         0         0         0         0         0         0
         0         0         0         0         0     2.336         0         0     97.53         0     683.5         0         0         0         0         0         0         0         0         0         0         0         0         0         0         0         0         0         0         0         0         0         0         0         0         0         0         0         0         0         0         0         0         0         0         0         0         0         0         0         0
         0         0         0         0         0         0         0     2.336         0     803.9         0     97.53         0         0         0         0         0         0         0         0         0         0         0         0         0         0         0         0         0         0         0         0         0         0         0         0         0         0         0         0         0         0         0         0         0         0         0         0         0         0         0
         0         0         0         0         0         0     2.336         0     803.9         0     97.53         0         0         0         0         0         0         0         0         0         0         0         0         0         0         0         0         0         0         0         0         0         0         0         0         0         0         0         0         0         0         0         0         0         0         0         0         0         0         0         0
         0         0         0         0         0         0         0         0         0         0         0         0         0     97.53         0         0     1.221         0         0         0         0         0         0  0.004906         0 0.0003658         0         0         0         0         0         0         0         0 1.565e-08         0         0         0         0         0         0         0         0         0         0         0         0         0         0         0         0
         0         0         0         0         0         0         0         0         0         0         0         0     97.53         0         0         0         0     1.221         0         0         0         0         0         0  0.004906         0 0.0003658         0         0         0         0         0         0 1.565e-08         0         0         0         0         0         0         0         0         0         0         0         0         0         0         0         0         0
         0         0         0         0         0     357.2         0         0         0         0         0         0         0         0         0         0         0         0         0         0         0         0         0         0         0         0         0         0         0         0         0         0         0         0         0         0         0         0 5.555e-07         0         0         0         0         0         0         0         0         0         0         0         0
         0         0         0         0         0         0         0     357.2         0         0         0         0         0         0         0         0         0         0         0         0         0         0         0         0         0         0         0         0         0         0         0         0         0         0         0         0         0         0         0 5.555e-07         0         0         0         0         0         0         0         0         0         0         0
         0         0         0         0         0         0         0         0         0         0         0         0     11.83         0         0         0         0         0         0         0         0    0.1742         0         0         0         0         0         0         0         0         0         0         0         0         0         0         0         0         0         0         0         0         0         0         0         0         0         0         0         0         0
         0         0         0         0         0         0         0         0         0         0         0         0         0     11.83         0         0         0         0         0         0         0         0    0.1742         0         0         0         0         0         0         0         0         0         0         0         0         0         0         0         0         0         0         0         0         0         0         0         0         0         0         0         0
         0         0         0         0         0         0     803.9         0         0         0         0         0         0         0         0         0         0         0         0     97.53     0.107         0         0         0         0         0         0         0         0         0         0         0         0         0         0         0         0         0         0         0         0         0         0         0         0         0         0         0         0         0         0
         0         0         0         0         0         0         0     803.9         0         0         0         0         0         0         0         0         0         0     97.53         0     0.107         0         0         0         0         0         0         0         0         0         0         0         0         0         0         0         0         0         0         0         0         0         0         0         0         0         0         0         0         0         0
         0         0         0     158.7         0         0    0.1259    0.1259         0         0         0         0         0         0         0         0         0         0    0.1259    0.1259         0         0         0         0         0         0         0 3.414e-07         0         0         0         0         0         0         0         0 3.414e-07         0         0         0         0         0         0         0         0         0         0         0         0         0         0
         0         0         0         0         0         0         0         0         0         0         0         0         0         0         0         0     8.554         0         0         0         0         0     97.53   0.03438         0         0         0         0         0         0 7.397e-11         0         0         0         0         0         0         0 2.233e-09         0         0         0         0         0         0         0 2.709e-10         0         0 1.565e-08         0
         0         0         0         0         0         0         0         0         0         0         0         0         0         0         0         0         0     8.554         0         0         0     97.53         0         0   0.03438         0         0         0         0         0 7.397e-11         0         0         0         0         0         0         0 2.233e-09         0         0         0         0         0         0         0 2.709e-10         0 1.565e-08         0         0
         0         0         0         0         0         0         0         0         0         0         0         0     11.83         0         0         0         0         0         0         0         0    0.1742         0         0         0         0         0         0         0         0         0         0         0         0         0         0         0         0         0         0         0         0         0         0         0         0         0         0         0         0         0
         0         0         0         0         0         0         0         0         0         0         0         0         0     11.83         0         0         0         0         0         0         0         0    0.1742         0         0         0         0         0         0         0         0         0         0         0         0         0         0         0         0         0         0         0         0         0         0         0         0         0         0         0         0
         0         0         0         0         0         0         0         0         0         0         0         0     11.83         0         0         0         0         0         0         0         0         0         0         0         0         0         0         0         0 1.096e-07         0         0         0         0         0         0         0         0         0         0         0         0         0         0         0         0         0         0         0         0         0
         0         0         0         0         0         0         0         0         0         0         0         0         0     11.83         0         0         0         0         0         0         0         0         0         0         0         0         0         0         0 1.096e-07         0         0         0         0         0         0         0         0         0         0         0         0         0         0         0         0         0         0         0         0         0
         0         0         0         0         0         0         0         0         0         0         0         0         0         0         0         0         0         0         0         0 0.0009685         0         0         0         0         0         0         0         0         0         0         0         0         0         0         0  0.009389   0.01528         0         0         0         0         0         0         0         0         0         0         0         0         0
         0         0         0         0         0         0         0         0         0         0         0         0         0         0         0         0         0         0         0         0         0         0         0         0         0         0         0         0         0         0         0   0.01528         0         0         0         0         0         0  1.29e-07         0         0         0         0         0         0         0         0         0         0         0         0
         0         0         0         0         0         0         0         0         0         0         0         0         0         0         0         0         0         0         0         0         0         0         0         0         0 2.034e-06 2.034e-06         0         0         0     2.747         0         0         0         0         0         0         0         0         0         0         0         0         0         0         0         0         0         0         0         0
         0         0         0         0         0  0.003015         0         0         0         0         0         0         0         0         0         0         0         0         0         0         0  1.29e-07  1.29e-07         0         0         0         0         0         0       3.8         0      70.5         0         0         0         0         0         0         0         0         0         0         0  1.29e-07         0         0 4.142e-08         0         0         0         0
         0         0         0         0   0.02923   0.02923         0         0         0         0         0         0         0         0         0         0         0         0         0         0         0         0         0         0         0         0         0         0    0.5423         0     683.5         0         0         0         0         0         0         0         0         0         0         0         0         0         0         0 4.142e-08         0         0         0         0
         0         0         0         0         0         0         0         0         0         0         0         0         0         0         0         0         0         0         0         0         0         0         0         0         0         0         0         0         0         0         0         0         0         0         0         0         0     19.25         0   0.06579         0         0         0         0         0         0         0         0         0         0         0
         0         0         0         0         0         0         0         0         0         0         0         0         0    0.5423         0         0         0         0         0         0         0         0         0         0         0         0         0         0         0         0         0         0         0         0     97.53         0         0         0         0         0         0     1.221         0         0         0         0         0         0         0         0         0
         0         0         0         0         0         0         0         0         0         0         0         0    0.5423         0         0         0         0         0         0         0         0         0         0         0         0         0         0         0         0         0         0         0         0     97.53         0     1.436         0         0         0         0     1.221         0         0         0         0         0         0         0         0         0         0
         0         0         0         0         0         0         0         0         0         0         0         0         0         0         0         0         0         0         0         0         0         0         0         0         0         0         0         0         0         0         0         0         0         0     2.336         0         0         0         0         0         0         0     1.221         0         0         0         0         0         0         0         0
         0         0         0         0         0         0         0         0         0         0         0         0         0         0         0         0         0         0         0         0     1.221         0         0         0         0         0         0     11.83         0         0         0         0         0         0         0         0         0         0         0 0.0002248         0         0         0 0.0005952         0         0  6.14e-05  6.14e-05         0         0         0
         0         0         0         0         0         0         0         0         0         0         0         0         0         0         0         0         0         0         0         0         0         0         0         0         0         0         0     26.63         0         0         0         0     97.53         0         0         0         0         0         0         0         0         0         0         0         0         0         0 0.0004303         0         0         0
         0         0         0         0         0         0         0         0         0         0         0         0         0         0     11.83         0         0         0         0         0         0 0.0008234 0.0008234         0         0         0         0         0  9.99e-05         0         0         0         0         0         0         0         0         0         0     683.5         0         0         0  0.003547     59.94         0         0         0         0         0         0
         0         0         0         0         0         0         0         0         0         0         0         0         0         0         0     11.83         0         0         0         0         0         0         0         0         0         0         0         0         0         0         0         0    0.4611         0         0         0 0.0004303         0     803.9         0         0         0         0         0         0     59.94         0         0         0         0         0
         0         0         0         0         0         0         0         0         0         0         0         0         0         0         0         0         0         0         0         0         0         0         0         0         0         0         0         0         0         0         0         0         0         0     11.83         0         0         0         0         0         0         0         0         0         0         0         0         0         0    0.1742         0
         0         0         0         0         0         0         0         0         0         0         0         0         0         0         0         0         0         0         0         0         0         0         0         0         0         0         0         0         0         0         0         0         0     11.83         0         0         0         0         0         0         0         0         0         0         0         0         0         0    0.1742         0         0
         0         0         0         0         0         0         0         0         0         0         0         0         0         0         0         0         0         0         0         0         0         0         0         0         0         0         0         0         0         0         0         0         0         0         0     11.83         0         0         0         0         0         0         0         0         0         0         0         0         0         0    0.1742
         0         0         0         0         0         0         0         0         0         0         0         0         0         0         0         0         0         0         0         0         0         0         0         0         0         0         0         0         0         0  9.99e-05         0         0         0         0         0  0.003547         0   0.01299         0         0         0         0         0         0         0   0.01299         0         0         0         0
         0         0         0         0         0         0         0         0         0         0         0         0         0         0         0         0         0         0         0         0         0         0         0         0         0         0         0         0         0         0         0         0         0         0         0         0         0         0     494.1         0         0         0         0         0         0         0     19.25         0         0         0         0
         0         0         0         0         0         0         0         0         0         0         0         0         0         0         0         0         0         0         0         0         0         0         0         0         0         0         0         0         0         0         0         0         0         0         0         0         0         0         0     494.1         0         0         0         0         0         0         0     19.25         0         0         0
         0         0         0         0         0     1.221         0         0         0         0         0         0         0         0         0         0         0         0         0         0         0  0.002564  0.002564         0         0         0         0         0         0         0 0.0002248 2.319e-05         0         0         0         0  0.002564         0         0         0         0         0         0   0.09102     59.94         0         0     683.5         0         0         0
         0         0         0         0         0         0         0     1.221         0         0         0         0         0         0         0         0         0         0         0         0         0         0         0         0         0         0         0         0         0         0         0         0         0         0         0         0  0.003015   0.01528         0         0         0         0         0         0         0     59.94     803.9         0         0         0         0
         0         0         0         0         0         0         0         0         0         0         0         0         0         0         0         0         0         0         0         0         0         0    0.5423         0         0         0         0         0         0         0         0         0         0         0         0         0         0         0         0         0         0     8.554         0         0         0         0         0         0         0     97.53         0
         0         0         0         0         0         0         0         0         0         0         0         0         0         0         0         0         0         0         0         0         0    0.5423         0         0         0         0         0         0         0         0         0         0         0         0         0         0         0         0         0         0     8.554         0         0         0         0         0         0         0     97.53         0     1.436
         0         0         0         0         0         0         0         0         0         0         0         0         0         0         0         0         0         0         0         0         0         0         0         0         0         0         0         0         0         0         0         0         0         0         0         0         0         0         0         0         0         0     8.554         0         0         0         0         0         0     2.336         0
