         0     8.554         0         0         0 1.972e-05         0         0         0         0         0         0         0         0         0         0         0         0         0         0         0         0         0         0         0         0         0         0         0
     494.1         0         0         0  0.001139         0         0         0         0         0         0         0         0         0         0         0         0         0         0         0         0         0         0         0         0         0         0         0         0
         0         0         0     97.53     683.5         0         0         0         0         0         0         0  0.001853         0         0         0         0         0         0         0         0         0         0         0         0         0         0         0         0
         0         0     97.53         0         0     683.5         0         0         0         0         0         0         0         0         0         0         0         0         0         0         0         0         0         0         0         0         0         0         0
         0    0.3333     803.9         0         0     97.53         0         0         0         0         0         0         0         0         0         0         0         0         0         0         0         0         0         0         0         0         0         0         0
    0.3333         0         0     803.9     97.53         0         0         0         0         0         0         0         0         0         0         0         0         0         0         0         0         0         0         0         0         0         0         0         0
         0         0         0         0         0         0         0     1.436         0         0    0.1742         0         0         0 0.0002248         0         0         0         0         0         0 8.434e-10         0         0         0         0         0         0         0
         0         0         0         0         0         0     2.336         0     97.53         0         0         0         0         0 0.0003658         0         0         0 8.434e-10         0         0         0         0 8.434e-10         0         0         0         0         0
         0         0         0         0         0         0         0     97.53         0         0         0    0.1742         0         0         0         0         0         0         0         0         0         0         0         0         0         0         0         0         0
         0         0         0         0         0         0         0         0         0         0     97.53     1.436 2.814e-06         0         0         0         0         0         0         0         0         0         0         0         0         0         0         0         0
         0         0         0         0         0         0     1.689         0         0     97.53         0         0         0         0         0         0         0         0         0         0         0 2.546e-08         0         0         0         0         0         0         0
         0         0         0         0         0         0         0         0     1.689     2.336         0         0         0         0         0    0.6378         0         0         0         0         0         0         0 2.546e-08         0         0         0         0         0
         0         0      70.5         0         0         0         0         0         0 0.0001382         0         0         0     1.436         0         0     2.747         0         0         0         0         0         0         0         0 0.0008234         0         0         0
         0         0         0         0         0         0         0         0         0         0         0         0     2.336         0         0         0         0     2.747         0         0         0         0         0         0         0         0         0         0         0
         0         0         0         0         0         0    0.6378    0.6378         0         0         0         0         0         0         0         0         0         0         0         0         0         0         0         0         0         0         0 8.434e-10 8.434e-10
         0         0         0         0         0         0         0         0         0         0         0     357.2         0         0         0         0         0         0  0.004171         0         0         0         0         0         0         0         0         0         0
         0         0         0         0         0         0         0         0         0         0         0         0     258.2         0         0         0         0         0         0         0         0         0    0.3333         0         0         0         0         0         0
         0         0         0         0         0         0         0         0         0         0         0         0         0     258.2         0         0         0         0     31.32         0         0         0         0         0         0         0         0         0         0
         0         0         0         0         0         0         0 4.438e-05         0         0         0         0         0         0         0   0.04044         0     36.84         0     97.53         0         0         0  0.004171         0         0 7.449e-06         0         0
         0         0         0         0         0         0         0         0         0         0         0         0         0         0         0         0         0         0     97.53         0         0         0         0         0         0         0         0         0         0
         0         0         0         0         0         0         0         0         0         0         0         0         0         0         0         0         0         0         0         0         0         0         0         0     2.747    0.6378         0         0         0
         0         0         0         0         0         0   0.01104         0         0         0   0.03438         0         0         0         0         0         0         0         0         0         0         0    0.3333     1.436         0         0         0         0 0.0002248
         0         0         0         0         0         0         0         0         0         0         0         0         0         0         0         0     97.53         0         0         0         0    0.3333         0         0         0         0         0         0         0
         0         0         0         0         0         0         0   0.01104         0         0         0   0.03438         0         0         0         0         0         0     1.038         0         0     2.336         0         0         0         0         0         0 0.0003658
         0         0         0         0         0         0         0         0         0         0         0         0         0         0         0         0         0         0         0         0     258.2         0         0         0         0         0     16.37         0         0
         0         0         0         0         0         0         0         0         0         0         0         0     683.5         0         0         0         0         0         0         0     186.6         0         0         0         0         0         0         0         0
         0         0         0         0         0         0         0         0         0         0         0         0         0         0         0         0         0         0    0.3333         0         0         0         0         0     494.1         0         0     31.32         0
         0         0         0         0         0         0         0         0         0         0         0         0         0         0  0.003547         0         0         0         0         0         0         0         0         0         0         0     97.53         0    0.3333
         0         0         0         0         0         0         0         0         0         0         0         0         0         0   0.01104         0         0         0         0         0         0    0.6378         0    0.6378         0         0         0     1.038         0
