         0     10.06         0         0         0         0         0         0         0         0         0         0         0         0
     303.7         0 1.565e-08         0         0         0         0         0         0         0         0         0         0         0
         0   0.00577         0     1.436     31.32         0         0         0         0         0 0.0001175         0         0         0
         0         0     2.336         0         0     31.32         0         0         0         0 0.0001912         0         0         0
         0         0     97.53         0         0     1.436         0         0     1.221         0         0 0.0002248         0         0
         0         0         0     97.53     2.336         0         0         0         0     1.221         0 0.0003658         0         0
         0         0         0         0         0         0         0     1.436 0.0001175         0         0         0 0.0002248         0
         0         0         0         0         0         0     2.336         0         0 0.0001175         0         0 0.0003658         0
         0         0         0         0     357.2         0   0.01797         0         0     1.436         0         0         0 0.0002248
         0         0         0         0         0     357.2         0   0.01797     2.336         0         0         0         0 0.0003658
         0         0    0.6378    0.6378         0         0         0         0         0         0         0     59.94         0         0
         0         0         0         0    0.6378    0.6378         0         0         0         0     97.53         0         0     1.221
         0         0         0         0         0         0    0.6378    0.6378         0         0         0         0         0 0.0001175
         0         0         0         0         0         0         0         0    0.6378    0.6378         0     357.2   0.01797         0
