         0  0.009389         0         0 1.096e-07 9.323e-08         0         0 0.0007001         0         0         0         0         0 3.607e-14         0         0         0         0         0         0 1.958e-10 9.549e-14         0         0         0         0         0         0         0         0         0         0         0         0         0         0         0         0         0         0         0         0         0         0
     803.9         0         0         0         0         0         0         0         0         0         0         0         0         0 7.926e-08         0         0         0         0         0         0         0         0         0         0         0         0         0         0         0         0         0         0         0         0         0         0         0         0         0         0         0         0         0         0
         0         0         0     97.53         0     683.5         0     1.436         0         0         0         0         0         0         0         0         0         0         0         0         0         0         0         0         0         0         0         0         0         0         0         0 1.506e-12         0         0         0         0   8.7e-11         0         0         0         0         0         0         0
         0         0     97.53         0     683.5         0     1.436         0         0         0         0         0         0         0         0         0  1.73e-06 0.0009685         0         0         0         0         0 2.084e-12         0         0 2.973e-13 2.034e-06         0         0         0         0 1.506e-12         0         0         0         0         0         0         0         0         0         0         0         0
   0.04044         0         0     803.9         0     97.53         0         0         0         0         0         0   0.04044         0         0         0         0         0         0         0         0         0         0         0 2.084e-12         0         0         0         0  5.69e-13         0         0         0 1.506e-12         0         0         0         0         0         0         0         0         0         0         0
   0.03438         0     803.9         0     97.53         0         0         0         0         0         0         0         0         0         0   0.03438         0         0         0         0         0         0         0         0 8.974e-12         0         0         0         0 8.974e-12         0         0         0 1.506e-12         0         0         0         0   8.7e-11         0         0         0         0         0         0
         0         0         0     2.336         0         0         0     97.53         0         0         0         0         0         0         0         0         0         0         0         0         0         0         0         0         0 2.084e-12         0         0         0         0         0         0         0         0 1.506e-12         0         0         0         0         0         0         0         0         0         0
         0         0     2.336         0         0         0     97.53         0         0         0         0         0         0         0         0         0         0         0         0         0         0         0         0         0         0 8.974e-12         0         0         0         0         0         0         0         0 1.506e-12         0         0         0         0   8.7e-11         0         0         0         0         0
     803.9         0         0         0         0         0         0         0         0         0         0         0     7.273         0         0     0.107         0         0         0         0         0         0 1.898e-09         0         0         0         0         0         0 5.347e-11         0         0         0         0         0         0         0         0         0         0         0         0         0         0         0
         0         0         0         0         0         0         0         0         0         0     97.53         0         0         0         0         0         0         0         0         0         0         0         0         0         0         0         0         0         0         0         0         0         0         0         0         0         0         0         0         0         0         0         0 6.487e-12         0
         0         0         0         0         0         0         0         0         0     97.53         0     1.436         0         0  0.007982         0         0         0 0.0001382         0         0         0         0         0         0         0         0         0         0         0         0         0         0         0         0         0         0         0         0         0         0         0         0         0 6.487e-12
         0         0         0         0         0         0         0         0         0         0     2.336         0         0         0         0         0         0         0         0         0         0         0         0         0         0         0         0         0         0         0         0         0         0         0         0         0         0         0         0         0         0         0 6.487e-12         0         0
         0         0         0         0     8.554         0         0         0     494.1         0         0         0         0         0         0         0         0         0         0         0         0         0         0         0         0         0         0         0         0         0         0         0         0         0         0         0         0         0         0         0         0         0         0         0         0
         0         0         0         0         0         0         0         0         0         0         0         0         0         0         0         0         0         0         0         0         0   0.03438         0         0         0         0         0         0         0         0         0         0         0         0         0         0         0         0 2.098e-07         0         0         0         0         0         0
 0.0001625  0.004171         0         0         0         0         0         0         0         0     2.336         0         0         0         0         0         0         0    0.1259         0         0         0    0.6378         0         0         0         0         0         0         0         0         0         0         0         0         0         0         0         0         0         0         0         0         0         0
         0         0         0         0         0     945.5         0         0     945.5         0         0         0         0         0         0         0         0         0         0         0         0         0         0         0         0         0         0         0         0         0         0         0         0         0         0         0         0         0         0         0         0         0         0         0         0
         0         0         0   0.07738         0         0         0         0         0         0         0         0         0         0         0         0         0         0         0         0     1.689         0         0         0         0         0         0         0         0         0  6.14e-05         0 1.167e-09         0         0         0 1.063e-06         0         0         0         0         0         0         0         0
         0         0         0      70.5         0         0         0         0         0         0         0         0         0         0         0         0         0         0         0     2.747         0         0         0         0         0         0         0         0         0         0         0         0         0         0         0         0         0         0         0         0         0         0         0         0         0
         0         0         0         0         0         0         0         0         0         0     8.554         0         0         0     26.63         0         0         0         0         0         0         0         0         0         0         0         0         0         0         0         0         0         0         0         0         0         0         0         0         0         0         0         0         0         0
         0         0         0         0         0         0         0         0         0         0         0         0         0         0         0         0         0     258.2         0         0         0         0         0         0         0         0         0         0     16.37         0         0         0         0         0         0         0         0         0         0         0         0         0         0         0         0
         0         0         0         0         0         0         0         0         0         0         0         0         0         0         0         0     258.2         0         0         0         0         0         0 1.426e-05         0         0         0         0         0         0         0         0         0         0         0         0         0         0         0         0         0         0         0         0         0
     945.5         0         0         0         0         0         0         0         0         0         0         0         0     134.9         0         0         0         0         0         0         0         0         0         0         0         0         0         0         0         0         0         0         0         0         0         0         0         0         0         0         0         0         0         0         0
    0.5423         0         0         0         0         0         0         0  0.009389         0         0         0         0         0     803.9         0         0         0         0         0         0         0         0         0         0         0         0         0         0         0         0         0         0         0         0 0.0001912         0         0         0         0         0         0         0         0         0
         0         0         0 0.0001625         0         0         0         0         0         0         0         0         0         0         0         0         0         0         0         0 0.0001625         0         0         0     683.5     1.436     43.33         0         0         0 1.677e-05         0   0.05594         0         0         0         0 0.0002248         0         0         0         0         0         0         0
         0         0         0         0 0.0001625 0.0007001         0         0         0         0         0         0         0         0         0         0         0         0         0         0         0         0         0     803.9         0         0         0         0         0     43.33         0         0         0   0.05594         0         0         0         0 0.0002248         0         0         0         0         0         0
         0         0         0         0         0         0 0.0001625 0.0007001         0         0         0         0         0         0         0         0         0         0         0         0         0         0         0     2.336         0         0         0         0         0         0         0         0         0         0   0.05594         0         0         0         0 0.0002248         0         0         0         0         0
         0         0         0  6.14e-05         0         0         0         0         0         0         0         0         0         0         0         0         0         0         0         0         0         0         0     114.7         0         0         0 1.677e-05         0     683.5 1.677e-05         0         0         0         0         0         0         0         0         0         0         0         0         0         0
         0         0         0     420.1         0         0         0         0         0         0         0         0         0         0         0         0         0         0         0         0         0         0         0         0         0         0 1.677e-05         0         0         0   0.02113         0         0         0         0         0         0         0         0         0         0         0         0         0         0
         0         0         0         0         0         0         0         0         0         0         0         0         0         0         0         0         0         0         0     494.1         0         0         0         0         0         0         0         0         0         0         0     59.94         0         0         0         0         0         0         0         0         0         0         0         0         0
         0         0         0         0 0.0001175  0.001853         0         0  0.003547         0         0         0         0         0         0         0         0         0         0         0         0         0         0         0     114.7         0     803.9         0         0         0         0         0         0         0         0         0         0         0 0.0005952         0         0         0         0         0         0
         0         0         0         0         0         0         0         0         0         0         0         0         0         0         0         0     0.392         0         0         0         0         0         0  6.14e-05         0         0 2.319e-05   0.02923         0         0         0         0 2.098e-07         0         0         0         0 4.142e-08         0         0         0         0         0         0         0
         0         0         0         0         0         0         0         0         0         0         0         0         0         0         0         0         0         0         0         0         0         0         0         0         0         0         0         0     97.53         0         0         0         0         0         0    0.3333         0         0         0         0         0         0         0         0         0
         0         0  0.009389  0.009389         0         0         0         0         0         0         0         0         0         0         0         0 0.0001625         0         0         0         0         0         0      4.47         0         0         0         0         0         0 4.578e-06         0         0     683.5     1.436         0         0 0.0005061         0         0         0         0         0         0         0
         0         0         0         0  0.009389  0.009389         0         0         0         0         0         0         0         0         0         0         0         0         0         0         0         0         0         0      4.47         0         0         0         0         0         0         0     803.9         0         0         0         0         0 0.0005061         0         0         0         0         0         0
         0         0         0         0         0         0  0.009389  0.009389         0         0         0         0         0         0         0         0         0         0         0         0         0         0         0         0         0      4.47         0         0         0         0         0         0     2.336         0         0         0         0         0         0 0.0005061         0         0         0         0         0
         0         0         0         0         0         0         0         0         0         0         0         0         0         0         0         0         0         0         0         0         0         0    0.1259         0         0         0         0         0         0         0         0     11.83         0         0         0         0         0         0         0         0         0         0         0         0         0
         0         0         0         0         0         0         0         0         0         0         0         0         0         0         0         0    0.3333         0         0         0         0         0         0         0         0         0         0         0         0         0         0         0         0         0         0         0         0    0.8823         0         0         0         0         0         0         0
         0         0     1.986         0         0         0         0         0         0         0         0         0         0         0         0         0         0         0         0         0         0         0         0   0.06579         0         0         0         0         0         0  3.31e-06         0  0.001853         0         0         0     1.436         0     683.5     1.436         0         0         0         0         0
         0         0         0         0         0     1.986         0         0         0         0         0         0         0     1.436         0         0         0         0         0         0         0         0         0         0   0.06579         0         0         0         0   0.06579         0         0         0  0.001853         0         0         0     803.9         0         0         0         0         0         0         0
         0         0         0         0         0         0         0     1.986         0         0         0         0         0         0         0         0         0         0         0         0         0         0         0         0         0   0.06579         0         0         0         0         0         0         0         0  0.001853         0         0     2.336         0         0         0         0         0         0         0
         0         0         0         0         0         0         0         0         0         0         0         0         0         0         0         0         0         0         0         0         0         0         0         0         0         0         0         0         0         0         0         0         0         0         0         0         0         0         0         0         0     97.53         0     303.7         0
         0         0         0         0         0         0         0         0         0         0         0         0         0         0         0         0         0         0         0         0         0         0         0         0         0         0         0         0         0         0         0         0         0         0         0         0         0         0         0         0     97.53         0     1.436         0     303.7
         0         0         0         0         0         0         0         0         0         0         0    0.7502         0         0         0         0         0         0         0         0         0         0         0         0         0         0         0         0         0         0         0         0         0         0         0         0         0         0         0         0         0     2.336         0         0         0
         0         0         0         0         0         0         0         0         0     1.436         0         0         0         0         0         0         0         0         0         0         0         0         0         0         0         0         0         0         0         0         0         0         0         0         0         0         0         0         0         0     581.1         0         0         0     97.53
         0         0         0         0         0         0         0         0         0         0     1.436         0         0         0         0         0         0         0         0         0         0         0         0         0         0         0         0         0         0         0         0         0         0         0         0         0         0         0         0         0         0     581.1         0     97.53         0
