         0     97.53     1.436         0 0.0002248         0         0         0         0         0         0         0         0         0
     158.7         0         0     1.436         0 0.0002248         0         0         0         0         0         0         0         0
     2.336         0         0     97.53 0.0003658         0         0         0         0         0         0         0         0         0
         0     2.336     158.7         0         0 0.0003658         0         0         0         0         0         0         0         0
    0.6378         0    0.6378         0         0     97.53     50.97         0         0         0     0.392         0         0         0
         0    0.6378         0    0.6378     158.7         0     82.92         0         0         0         0         0         0         0
         0         0         0         0     581.1     581.1         0         0         0         0         0         0     1.689     0.392
         0         0         0         0         0         0         0         0         0     1.038         0     26.63         0         0
         0         0         0         0         0         0         0         0         0         0         0     59.94         0     1.038
         0         0         0         0         0         0         0     2.336         0         0         0         0         0     26.63
         0         0         0         0     36.84         0         0         0         0         0         0         0     31.32     7.273
         0         0         0         0         0         0         0     134.9     134.9         0         0         0         0         0
         0         0         0         0         0         0     16.37         0         0         0     36.84         0         0       3.8
         0         0         0         0         0         0       3.8         0     2.336     59.94     8.554         0       3.8         0
