         0         0     1.436    0.2834         0         0         0         0         0 6.952e-09         0         0         0 8.176e-09 8.176e-09         0         0         0         0         0 1.565e-08         0         0         0  1.46e-11         0         0         0         0         0         0         0         0         0         0         0         0         0         0         0         0         0         0         0         0         0         0         0         0         0         0         0         0         0         0
         0         0     97.53         0         0         0         0         0         0         0 4.407e-10         0         0         0         0 4.407e-10 4.407e-10         0 1.063e-06         0         0         0         0         0         0         0         0         0         0         0         0         0         0         0         0         0         0         0         0         0         0         0         0         0         0         0         0         0         0         0         0         0         0         0         0
     2.336     97.53         0         0         0         0         0 3.186e-10         0         0         0         0         0         0         0         0         0 1.677e-05         0         0         0         0         0         0         0         0         0         0         0         0         0         0         0         0         0         0         0         0         0         0         0         0         0         0         0         0         0         0         0         0         0         0         0         0         0
     10.06         0         0         0 5.385e-06 4.578e-06         0         0         0         0         0         0         0         0         0         0         0         0         0         0         0         0         0         0         0         0         0         0         0         0         0         0         0         0         0         0         0         0         0         0         0         0         0         0         0         0         0         0         0         0         0         0         0         0         0
         0         0         0 1.972e-05         0         0     1.436         0         0         0         0         0         0         0         0         0         0         0         0         0         0         0         0         0         0         0         0         0         0         0         0         0         0         0         0         0         0         0         0         0         0         0         0         0         0         0         0         0         0         0         0         0         0         0         0
         0         0         0 1.972e-05         0         0     1.689         0         0         0         0         0         0         0         0         0         0         0         0         0         0         0         0         0         0         0         0         0         0         0         0         0         0         0         0         0         0         0         0         0         0         0         0         0         0         0         0         0         0         0         0         0         0         0         0
         0         0         0         0     6.183     6.183         0         0         0         0         0         0         0         0 1.972e-05         0         0         0         0         0         0         0         0         0         0         0         0         0         0         0         0         0         0         0         0         0         0         0         0         0         0         0         0         0         0         0         0         0         0         0         0         0         0         0         0
         0         0 0.0003658         0         0         0         0         0         0         0         0         0         0         0         0         0         0 5.555e-07 1.972e-05         0         0         0         0         0         0         0         0         0         0         0         0         0         0         0         0  1.47e-06 8.494e-05 4.015e-07         0         0         0         0         0         0         0         0         0         0         0         0         0         0         0         0         0
         0         0         0         0         0         0         0         0         0     683.5     1.436         0     134.9         0         0         0         0         0         0         0         0         0         0         0         0         0         0         0         0         0         0         0 0.0002248         0         0         0         0         0         0         0         0         0         0         0         0         0         0         0         0         0         0         0         0         0         0
   0.03438         0         0         0         0         0         0         0     803.9         0         0         0         0         0     134.9         0         0         0         0         0         0         0         0         0         0         0         0         0         0         0         0         0         0         0         0         0         0         0         0         0         0         0         0         0         0         0         0         0         0         0         0         0         0         0         0
         0  0.001853         0         0         0         0         0         0     2.336         0         0         0         0         0         0         0     134.9         0         0         0         0         0         0         0         0         0         0         0         0         0         0         0 0.0003658         0         0  0.001853         0         0         0         0         0         0         0         0         0         0         0         0         0         0         0         0         0         0         0
         0         0         0         0         0         0         0         0         0         0         0         0     97.53     683.5         0     1.436         0         0         0         0         0         0         0         0         0         0         0         0         0         0         0         0         0 0.0002248         0         0         0         0         0         0         0         0         0         0         0         0         0         0         0         0         0         0         0         0         0
         0         0         0         0         0         0         0         0     258.2         0         0     97.53         0         0     683.5         0     1.436         0         0         0         0         0         0         0         0         0         0         0         0         0         0         0         0         0         0         0         0         0         0         0         0         0         0         0         0         0         0         0         0         0         0         0         0         0         0
   0.07738         0         0         0         0         0         0         0         0         0         0     803.9         0         0     97.53         0         0         0         0         0         0         0         0         0         0         0         0         0         0         0         0         0         0         0         0         0         0         0         0         0         0         0         0         0         0         0         0         0         0         0         0         0         0         0         0
   0.07738         0         0         0         0         0    0.3333         0         0     258.2         0         0     803.9     97.53         0         0         0         0         0         0         0         0         0         0         0         0         0         0         0         0         0         0         0         0         0         0         0         0         0         0         0         0         0         0         0         0         0         0         0         0         0         0         0         0         0
         0  0.003547         0         0         0         0         0         0         0         0         0     2.336         0         0         0         0     97.53         0         0         0         0         0         0         0         0         0         0         0         0         0         0         0         0 0.0003658         0         0  0.001853         0         0         0         0         0         0         0         0         0         0         0         0         0         0         0         0         0         0
         0  0.003547         0         0         0         0         0         0         0         0     258.2         0     2.336         0         0     97.53         0         0         0         0         0         0         0         0         0         0         0         0         0         0         0         0         0         0         0         0         0  0.001853         0         0         0         0         0         0         0         0         0         0         0         0         0         0         0         0         0
         0         0     158.7         0         0         0         0 4.578e-06         0         0         0         0         0         0         0         0         0         0     13.92         0         0         0   0.02113         0         0         0   0.00134         0         0         0         0     0.392         0         0         0 1.096e-07 1.096e-07 1.096e-07         0         0         0         0         0         0         0         0         0         0         0         0         0         0         0         0         0
         0     10.06         0         0         0         0         0 0.0001625         0         0         0         0         0         0         0         0         0     13.92         0         0         0   0.02113         0         0         0         0         0         0         0         0     0.392         0         0         0         0 1.096e-07 1.096e-07 1.096e-07         0         0         0         0         0         0         0         0         0         0         0         0         0         0         0         0         0
         0         0         0         0         0         0         0         0         0         0         0         0         0         0         0         0         0         0         0         0     97.53     1.436         0     59.94         0         0         0         0    0.2049         0         0         0         0         0         0         0         0         0         0         0         0         0         0         0         0         0         0         0         0         0         0         0         0         0         0
    0.5423         0         0         0         0         0         0         0         0         0         0         0         0         0         0         0         0         0         0     97.53         0         0     1.436         0     59.94    0.1259         0         0         0    0.2049         0         0         0         0         0         0         0         0         0         0         0         0         0         0         0         0         0         0 1.372e-09         0         0         0         0         0         0
         0         0         0         0         0         0         0         0         0         0         0         0         0         0         0         0         0         0   0.07738     2.336         0         0     97.53         0         0         0    0.1259         0         0         0   0.07738         0         0         0         0         0         0         0         0         0 6.952e-09         0         0 6.952e-09 6.952e-09         0         0         0         0         0         0         0         0         0         0
         0         0         0         0         0         0         0         0         0         0         0         0         0         0         0         0         0   0.07738         0         0     2.336     97.53         0         0         0         0    0.1259         0         0         0         0   0.07738         0         0         0         0         0         0         0         0 6.952e-09         0         0 6.952e-09 6.952e-09         0         0         0         0         0 1.372e-09         0         0         0         0
         0         0         0         0         0         0         0         0         0         0         0         0         0         0         0         0         0         0         0     683.5         0         0         0         0     97.53         0         0         0     1.689         0         0         0         0         0         0         0         0         0         0         0         0         0         0         0         0         0         0         0         0         0         0         0         0         0         0
   0.00577         0         0         0         0         0         0         0         0         0         0         0         0         0         0         0         0         0         0         0     683.5         0         0     97.53         0         0         0         0         0     1.689         0         0         0         0         0         0         0         0         0         0         0         0         0         0         0         0         0         0         0         0         0         0         0         0         0
         0         0         0         0         0         0         0         0         0         0         0         0         0         0         0         0         0         0         0         0     2.336         0         0         0         0         0     1.436         0         0    0.1742         0         0         0         0         0         0         0         0 0.0002248         0         0         0         0         0         0         0         0         0 1.565e-08 8.434e-10         0         0         0         0         0
         0         0         0         0         0         0         0         0         0         0         0         0         0         0         0         0         0   0.09102         0         0         0     2.336     2.336         0         0     2.336         0     7.273         0         0         0         0         0         0         0         0         0         0 0.0003658         0         0         0         0         0         0         0         0         0         0         0 1.565e-08 8.434e-10         0         0         0
         0         0         0         0         0         0         0         0         0         0         0         0         0         0         0         0         0         0         0         0         0         0         0         0         0         0     26.63         0         0         0         0         0         0         0         0         0         0         0         0         0         0         0         0 9.617e-09 8.176e-09         0         0         0         0         0         0         0         0         0         0
         0         0         0         0         0         0         0         0         0         0         0         0         0         0         0         0         0         0         0     36.84         0         0         0     26.63         0         0         0         0         0     97.53         0         0         0         0         0         0         0         0         0         0         0         0         0         0         0         0         0         0         0         0         0         0         0         0         0
         0         0         0         0         0         0         0         0         0         0         0         0         0         0         0         0         0         0         0         0     36.84         0         0         0     26.63     1.689         0         0     97.53         0         0         0         0         0         0         0         0         0         0         0         0         0         0         0         0         0         0         0         0 2.546e-08         0         0         0         0         0
         0         0         0         0         0         0         0         0         0         0         0         0         0         0         0         0         0         0     258.2         0         0     13.92         0         0         0         0         0         0         0         0         0         0         0         0         0         0         0         0         0         0         0         0         0         0         0         0         0         0         0         0         0         0         0         0         0
         0         0         0         0         0         0         0         0         0         0         0         0         0         0         0         0         0     258.2         0         0         0         0     13.92         0         0         0         0         0         0         0         0         0         0         0         0         0         0         0         0         0         0         0         0         0         0         0         0         0         0         0         0         0         0         0         0
         0         0         0         0         0         0         0         0    0.6378         0    0.6378         0         0         0         0         0         0         0         0         0         0         0         0         0         0         0         0         0         0         0         0         0         0         0     134.9         0         0         0         0         0         0         0         0         0         0  0.001853         0         0         0         0         0         0         0         0         0
         0         0         0         0         0         0         0         0         0         0         0    0.6378         0         0         0    0.6378         0         0         0         0         0         0         0         0         0         0         0         0         0         0         0         0         0         0     97.53         0         0         0         0         0         0         0         0         0         0         0  0.001853         0         0         0         0         0         0         0         0
         0         0         0         0         0         0         0         0         0         0         0         0         0         0         0         0         0         0         0         0         0         0         0         0         0         0         0         0         0         0         0         0     258.2     97.53         0         0         0         0         0         0         0         0         0         0         0         0         0         0         0         0         0         0         0         0         0
         0         0         0         0         0         0         0    0.2049         0         0      70.5         0         0         0         0         0         0  0.001853  0.001853         0         0         0         0         0         0         0         0         0         0         0         0         0         0         0         0         0         0     134.9         0     2.747         0         0         0         0         0 0.0003658         0         0         0         0 2.319e-05         0         0         0         0
         0         0         0         0         0         0         0     22.64         0         0         0         0         0         0         0      70.5         0  0.003547  0.003547         0         0         0         0         0         0         0         0         0         0         0         0         0         0         0         0         0         0     97.53         0         0         0     2.747         0         0         0         0 0.0003658         0         0         0         0         0         0         0         0
         0         0         0         0         0         0         0     0.107         0         0         0         0         0         0         0         0      70.5  0.003547  0.003547         0         0         0         0         0         0         0         0         0         0         0         0         0         0         0         0     258.2     97.53         0         0         0         0         0     2.747         0         0         0         0         0         0         0         0         0         0         0         0
         0         0         0         0         0         0         0         0         0         0         0         0         0         0         0         0         0         0         0         0         0         0         0         0         0    0.6378    0.6378         0         0         0         0         0         0         0         0         0         0         0         0         0         0         0         0         0         0         0         0         0         0         0         0         0         0 1.565e-08 8.434e-10
         0         0         0         0         0         0         0         0         0         0         0         0         0         0         0         0         0         0         0         0         0         0         0         0         0         0         0         0         0         0         0         0         0         0         0     258.2         0         0         0         0     31.32         0         0         0         0         0         0         0         0         0         0         0         0         0         0
         0         0         0         0         0         0         0         0         0         0         0         0         0         0         0         0         0         0         0         0         0  0.003547  0.003547         0         0         0         0         0         0         0         0         0         0         0         0         0         0         0         0     36.84         0         0         0         0     134.9         0         0         0         0         0  0.009389         0         0         0         0
         0         0         0         0         0         0         0         0         0         0         0         0         0         0         0         0         0         0         0         0         0         0         0         0         0         0         0         0         0         0         0         0         0         0         0         0     258.2         0         0         0         0         0         0     31.32         0         0         0         0         0         0         0         0         0         0         0
         0         0         0         0         0         0         0         0         0         0         0         0         0         0         0         0         0         0         0         0         0         0         0         0         0         0         0         0         0         0         0         0         0         0         0         0         0     258.2         0         0         0         0         0         0     31.32         0         0         0         0         0         0         0         0         0         0
         0         0         0         0         0         0         0         0         0         0         0         0         0         0         0         0         0         0         0         0         0  0.006787  0.006787         0         0         0         0 0.0001382         0         0         0         0         0         0         0         0         0         0         0         0         0     36.84         0         0     97.53         0         0         0         0         0         0  0.004171         0         0         0
         0         0         0         0         0         0         0         0         0         0         0         0         0         0         0         0         0         0         0         0         0  0.006787  0.006787         0         0         0         0 0.0001175         0         0         0         0         0         0         0         0         0         0         0         0     258.2         0     36.84     97.53         0         0         0         0         0         0         0  0.003547         0         0         0
         0         0         0         0         0         0         0         0         0         0         0         0         0         0         0         0         0         0         0         0         0         0         0         0         0         0         0         0         0         0         0         0      70.5         0         0    0.6378         0         0         0         0         0         0         0         0         0         0         0     134.9         0         0         0         0         0 2.319e-05         0
         0         0         0         0         0         0         0         0         0         0         0         0         0         0         0         0         0         0         0         0         0         0         0         0         0         0         0         0         0         0         0         0         0      70.5         0         0    0.6378         0         0         0         0         0         0         0         0         0         0     97.53         0         0         0         0     2.747         0         0
         0         0         0         0         0         0         0         0         0         0         0         0         0         0         0         0         0         0         0         0         0         0         0         0         0         0         0         0         0         0         0         0         0         0         0         0         0         0         0         0         0         0         0         0         0     258.2     97.53         0         0         0         0         0         0         0         0
         0         0         0         0         0         0         0         0         0         0         0         0         0         0         0         0         0         0         0         0    0.2049         0         0         0         0    0.1259         0         0         0         0         0         0         0         0         0         0         0         0         0         0         0         0         0         0         0         0         0         0         0     43.33     1.436         0         0 0.0002248         0
         0         0         0         0         0         0         0         0         0         0         0         0         0         0         0         0         0         0         0         0         0         0         0         0         0   0.01104         0         0         0   0.03438         0         0         0         0         0         0         0         0         0         0         0         0         0         0         0         0         0         0      70.5         0         0     1.436         0         0 0.0002248
         0         0         0         0         0         0         0         0         0         0         0         0         0         0         0         0         0         0         0         0         0         0    0.2049         0         0         0    0.1259         0         0         0         0         0         0         0         0    0.7502         0         0         0         0     2.747         0         0         0         0         0         0         0     2.336         0         0     43.33         0 0.0003658         0
         0         0         0         0         0         0         0         0         0         0         0         0         0         0         0         0         0         0         0         0         0         0         0         0         0         0   0.01104         0         0         0         0         0         0         0         0         0         0         0         0         0         0         0         0     1.038    0.8823         0         0         0         0     2.336      70.5         0         0         0 0.0003658
         0         0         0         0         0         0         0         0         0         0         0         0         0         0         0         0         0         0         0         0         0         0         0         0         0         0         0         0         0         0         0         0         0         0         0         0         0         0         0         0         0         0         0         0         0         0     258.2         0         0         0         0         0         0  0.004171         0
         0         0         0         0         0         0         0         0         0         0         0         0         0         0         0         0         0         0         0         0         0         0         0         0         0         0         0         0         0         0         0         0         0         0         0         0         0         0    0.1259         0         0         0         0         0         0    0.7502         0         0    0.6378         0    0.6378         0    0.7502         0     43.33
         0         0         0         0         0         0         0         0         0         0         0         0         0         0         0         0         0         0         0         0         0         0         0         0         0         0         0         0         0         0         0         0         0         0         0         0         0         0   0.01104         0         0         0         0         0         0         0         0         0         0    0.6378         0    0.6378         0      70.5         0
