         0     26.63         0         0         0         0         0         0         0         0         0         0         0         0         0         0         0         0         0         0         0         0         0         0         0         0         0         0         0         0         0         0         0         0         0         0         0         0         0         0
     303.7         0     10.06     2.336         0         0         0         0 2.709e-10         0         0         0         0         0         0         0         0         0         0         0         0         0         0         0         0         0         0         0         0         0         0         0         0         0         0         0         0         0         0         0
         0     303.7         0         0         0 0.0008234         0         0         0         0         0         0         0         0         0         0         0         0         0         0         0         0         0         0         0         0         0         0         0         0         0         0         0         0         0         0         0         0         0         0
         0     303.7         0         0  1.84e-08         0         0         0         0 3.089e-09         0         0         0         0         0         0         0         0         0         0         0         0         0         0         0         0         0         0         0         0         0         0         0         0         0         0         0         0         0         0
         0         0         0 6.334e-06         0         0         0         0         0         0         0         0         0         0         0         0         0         0         0  0.004906         0         0         0         0         0         0         0         0         0         0         0         0         0         0         0         0         0         0         0         0
         0         0     158.7         0         0         0         0         0         0         0         0         0         0         0         0         0         0         0         0         0         0         0         0         0         0         0         0         0         0         0         0 7.926e-08         0         0         0         0         0         0         0         0
         0         0         0         0         0         0         0     97.53     683.5         0     1.436         0         0         0         0         0         0         0  0.001576         0         0         0         0         0         0         0         0         0         0         0         0         0         0         0         0         0         0         0         0         0
         0         0         0         0         0         0     97.53         0         0     683.5         0     1.436         0         0         0     11.83         0         0  0.001576         0         0         0         0         0         0         0         0         0         0         0 1.167e-09         0         0         0         0   8.7e-11         0         0         0         0
         0  0.004906         0         0         0         0     803.9         0         0     97.53         0         0         0     1.436         0         0     11.83         0         0  0.001576         0         0         0         0         0         0         0         0         0         0         0         0         0         0         0         0         0         0         0         0
         0         0         0 0.0004303         0         0         0     803.9     97.53         0         0         0     1.436         0 8.761e-06         0         0     11.83         0  0.001576         0         0         0         0         0         0         0         0         0         0         0         0         0         0         0         0   8.7e-11         0         0         0
         0         0         0         0         0         0     2.336         0         0         0         0     97.53         0     683.5         0         0         0         0         0         0         0         0         0         0         0         0         0         0         0         0         0         0         0         0         0         0         0         0         0         0
         0         0         0         0         0         0         0     2.336         0         0     97.53         0     683.5         0         0         0         0         0         0         0         0         0         0         0         0         0         0         0         0         0         0         0         0         0         0         0         0         0         0         0
         0         0         0         0         0         0         0         0         0     2.336         0     803.9         0     97.53         0         0         0         0         0         0     11.83         0         0         0         0         0         0         0         0         0         0         0         0         0         0         0         0         0         0         0
         0         0         0         0         0         0         0         0     2.336         0     803.9         0     97.53         0         0         0         0         0         0         0         0     11.83         0         0         0         0         0         0         0         0         0         0         0         0         0         0         0         0         0         0
         0         0         0         0         0         0         0         0         0 8.494e-05         0         0         0         0         0         0         0     6.183         0         0         0         0         0         0         0         0         0         0         0         0         0         0         0         0         0         0 8.434e-10         0         0         0
         0         0         0         0         0         0         0     803.9         0         0         0         0         0         0         0         0         0     683.5     0.107         0         0         0         0         0         0         0         0         0         0         0         0         0         0         0         0         0         0         0         0         0
         0         0         0         0         0         0         0         0     803.9         0         0         0         0         0         0         0         0     97.53         0     0.107         0     1.436         0         0         0         0         0         0         0         0         0         0         0         0         0         0         0         0         0         0
         0         0         0         0         0         0         0         0         0     803.9         0         0         0         0     43.33     803.9     97.53         0         0     0.107     1.436         0         0         0         0         0         0         0         0         0         0 7.684e-07         0         0         0         0         0         0         0         0
         0         0         0         0         0         0    0.1259    0.1259         0         0         0         0         0         0         0    0.1259         0         0         0     683.5         0         0         0         0         0         0     0.392         0         0         0         0         0         0         0         0         0         0         0         0         0
         0         0         0         0     158.7         0         0         0    0.1259    0.1259         0         0         0         0         0         0    0.1259    0.1259     803.9         0         0         0         0         0         0         0         0 3.414e-07         0         0         0         0 3.414e-07         0         0         0         0         0         0         0
         0         0         0         0         0         0         0         0         0         0         0         0     803.9         0         0         0         0     2.336         0         0         0     97.53   0.03438         0         0         0         0         0         0         0         0         0         0         0         0         0         0         0         0         0
         0         0         0         0         0         0         0         0         0         0         0         0         0     803.9         0         0     2.336         0         0         0     97.53         0     0.107         0         0         0         0         0         0         0         0         0         0         0         0         0         0         0         0         0
         0         0         0         0         0         0         0         0         0         0         0         0         0         0         0         0         0         0         0         0   0.04044    0.1259         0         0         0         0         0         0 1.517e-07 3.414e-07         0         0         0         0         0         0         0         0         0         0
         0         0         0         0         0         0         0         0         0         0         0         0         0         0         0         0         0         0         0         0         0         0         0         0     97.53         0         0         0         0         0 7.397e-11         0         0         0         0 2.709e-10         0         0 1.565e-08         0
         0         0         0         0         0         0         0         0         0         0         0         0         0         0         0         0         0         0         0         0         0         0         0     97.53         0         0         0         0         0         0 7.397e-11         0         0         0         0 2.709e-10         0 1.565e-08         0         0
         0         0         0         0         0         0         0         0         0         0         0         0         0         0         0         0         0         0         0         0         0         0         0         0         0         0     219.5         0         0         0         0         0         0         0 3.774e-05         0         0         0         0         0
         0         0         0         0         0         0         0         0         0         0         0         0         0         0         0         0         0         0     803.9         0         0         0         0         0         0     945.5         0         0         0         0         0         0         0         0         0         0         0         0         0         0
         0         0         0         0         0         0         0         0         0         0         0         0         0         0         0         0         0         0         0 0.0009685         0         0         0         0         0         0         0         0         0     1.436         0         0  0.009389   0.01528         0         0         0         0         0         0
         0         0         0         0         0         0         0         0         0         0         0         0         0         0         0         0         0         0         0         0         0         0 0.0004303         0         0         0         0         0         0     158.7         0         0         0         0         0         0         0         0         0         0
         0         0         0         0         0         0         0         0         0         0         0         0         0         0         0         0         0         0         0         0         0         0 0.0009685         0         0         0         0     2.336     158.7         0         0         0         0         0         0         0         0         0         0         0
         0         0         0         0         0         0         0  0.003015         0         0         0         0         0         0         0         0         0         0         0         0         0         0         0  1.29e-07  1.29e-07         0         0         0         0         0         0         0         0         0  1.29e-07 4.142e-08         0         0         0         0
         0         0         0         0         0     59.94         0         0         0         0         0         0         0         0         0         0         0     2.747         0         0         0         0         0         0         0         0         0         0         0         0         0         0         0         0         0         0         0         0         0         0
         0         0         0         0         0         0         0         0         0         0         0         0         0         0         0         0         0         0         0     1.221         0         0         0         0         0         0         0     11.83         0         0         0         0         0         0 0.0005952  6.14e-05         0         0         0         0
         0         0         0         0         0         0         0         0         0         0         0         0         0         0         0         0         0         0         0         0         0         0         0         0         0         0         0     26.63         0         0         0         0         0         0         0         0 0.0004303         0         0         0
         0         0         0         0         0         0         0         0         0         0         0         0         0         0         0         0         0         0         0         0         0         0         0         0         0     1.986         0         0         0         0  9.99e-05         0  0.003547         0         0   0.01299         0         0         0         0
         0         0         0         0         0         0         0     1.986         0         0         0         0         0         0         0         0         0         0         0         0         0         0         0  0.004171  0.004171         0         0         0         0         0 0.0003658         0  0.004171         0    0.1481         0     683.5         0         0         0
         0         0         0         0         0         0         0         0         0     1.986         0         0         0         0     1.986         0         0         0         0         0         0         0         0         0         0         0         0         0         0         0         0         0         0   0.02485         0     803.9         0         0         0         0
         0         0         0         0         0         0         0         0         0         0         0         0         0         0         0         0         0         0         0         0         0         0         0         0    0.5423         0         0         0         0         0         0         0         0         0         0         0         0         0     97.53         0
         0         0         0         0         0         0         0         0         0         0         0         0         0         0         0         0         0         0         0         0         0         0         0    0.5423         0         0         0         0         0         0         0         0         0         0         0         0         0     97.53         0     1.436
         0         0         0         0         0         0         0         0         0         0         0         0         0         0         0         0         0         0         0         0         0         0         0         0         0         0         0         0         0         0         0         0         0         0         0         0         0         0     2.336         0
