         0     26.63         0         0         0         0         0         0         0         0         0         0         0         0         0         0         0         0         0         0         0         0         0         0         0         0         0         0         0         0         0         0         0         0         0         0         0         0         0         0         0         0         0         0         0         0         0
     303.7         0     10.06     2.336         0         0 2.546e-08         0         0         0         0         0         0         0         0         0         0         0         0         0         0         0         0         0         0         0         0         0         0         0         0         0         0         0         0         0         0         0         0         0         0         0         0         0         0         0         0
         0     303.7         0         0         0         0         0         0         0         0         0 1.167e-09 1.167e-09         0         0         0         0         0         0         0         0         0         0         0         0         0         0         0         0         0         0         0         0         0         0         0         0         0         0         0         0         0         0         0         0         0         0
         0     303.7         0         0  1.84e-08         0         0         0         0         0         0         0         0         0         0         0         0         0         0         0         0         0         0         0         0         0         0         0         0         0         0         0         0         0         0         0         0         0         0         0         0         0         0         0         0         0         0
         0         0         0 6.334e-06         0         0         0         0         0         0         0         0         0         0         0         0         0         0         0         0         0         0         0  0.004906         0         0         0         0         0         0         0         0         0         0         0         0         0         0         0         0         0         0         0         0         0         0         0
         0         0         0         0         0         0     683.5     1.436         0   0.04044   0.04044         0         0         0         0         0         0         0         0         0         0         0         0         0         0         0         0         0         0         0         0 5.385e-06         0         0         0         0         0         0         0         0         0         0         0         0         0         0         0
         0   0.02485         0         0         0     803.9         0         0     1.436         0         0   0.04044   0.04044         0         0         0         0         0         0         0         0         0         0 0.0001175         0         0         0         0         0         0         0         0         0         0         0         0         0         0         0         0         0         0         0         0         0         0         0
         0         0         0         0         0     2.336         0         0     683.5         0         0         0         0   0.04044   0.04044         0         0         0         0         0         0         0         0         0         0         0         0         0         0         0         0         0         0         0         0         0         0         0         0         0         0         0         0         0         0         0         0
         0         0         0         0         0         0     2.336     803.9         0         0         0         0         0         0         0   0.04044   0.04044         0         0         0         0         0         0         0         0         0         0         0         0         0         0         0         0         0         0         0         0         0         0         0         0         0         0         0         0         0         0
         0         0         0         0         0    0.4611         0         0         0         0     97.53     683.5         0     1.436         0         0         0         0     8.554         0         0         0         0         0         0         0         0         0         0         0         0         0         0         0         0         0         0         0         0         0         0         0         0         0         0         0         0
         0         0         0         0         0    0.4611         0         0         0     97.53         0         0     683.5         0     1.436         0         0         0         0         0         0         0         0         0         0         0         0         0         0         0         0         0         0         0         0         0         0         0         0         0         0         0         0         0         0         0         0
         0         0 0.0004303         0         0         0    0.4611         0         0     803.9         0         0     97.53         0         0         0     1.436         0         0         0         0     7.273         0         0         0         0         0         0         0         0         0         0         0         0         0         0         0         0         0         0         0         0         0         0         0         0         0
         0         0 0.0004303         0         0         0    0.4611         0         0         0     803.9     97.53         0         0         0     1.436         0         0         0         0         0         0     7.273         0         0         0         0         0         0         0         0         0         0         0         0         0         0         0         0         0         0         0         0         0         0         0         0
         0         0         0         0         0         0         0    0.4611         0     2.336         0         0         0         0     97.53         0     683.5         0         0         0         0         0         0         0         0         0         0         0         0         0         0         0         0         0         0         0         0         0         0         0         0         0         0         0         0         0         0
         0         0         0         0         0         0         0    0.4611         0         0     2.336         0         0     97.53         0     683.5         0         0         0         0         0         0         0         0         0         0         0         0         0         0         0         0         0         0         0         0         0         0         0         0         0         0         0         0         0         0         0
         0         0         0         0         0         0         0         0    0.4611         0         0         0     2.336         0     803.9         0     97.53         0         0         0         0         0         0         0         0         0         0         0         0         0         0         0         0         0         0         0         0         0         0         0         0         0         0         0         0         0         0
         0         0         0         0         0         0         0         0    0.4611         0         0     2.336         0     803.9         0     97.53         0         0         0         0         0         0         0         0         0         0         0         0         0         0         0         0         0         0         0         0         0         0         0         0         0         0         0         0         0         0         0
         0         0         0         0         0         0         0         0         0         0         0         0         0         0         0         0         0         0         0         0     1.221         0         0         0         0         0         0         0 0.0005061         0         0         0         0         0         0         0         0 1.565e-08         0         0         0         0         0         0         0         0         0
         0         0         0         0         0         0         0         0         0     357.2         0         0         0         0         0         0         0         0         0         0         0         0         0         0         0         0         0         0         0         0         0 0.0001625         0         0         0         0         0         0         0         0         0 5.555e-07         0         0         0         0         0
         0         0         0         0         0         0         0         0         0         0         0         0         0         0         0         0         0         0         0         0     97.53         0         0         0  0.001139         0    0.1742         0         0 3.865e-11         0         0         0  4.69e-12         0         0         0         0         0         0         0         0         0         0         0         0         0
         0         0         0         0         0         0         0         0         0         0         0         0         0         0         0         0         0     11.83         0     97.53         0         0         0         0         0  0.001139         0    0.1742         0 3.865e-11         0         0         0  4.69e-12         0         0         0         0         0         0         0         0 1.565e-08         0         0         0         0
         0         0         0         0         0         0         0         0         0         0         0     803.9         0         0         0         0         0         0         0         0         0         0     97.53     0.107         0         0         0         0         0         0         0         0         0         0         0         0         0         0         0         0         0         0         0         0         0         0         0
         0         0         0         0         0         0         0         0         0         0         0         0     803.9         0         0         0         0         0         0         0         0     97.53         0     0.107         0         0         0         0         0         0         0         0         0         0         0         0         0         0         0         0         0         0         0         0         0         0         0
         0         0         0         0     158.7         0    0.1742         0         0         0         0         0         0         0         0         0         0         0         0         0         0    0.1259    0.1259         0         0         0         0         0         0         0 3.414e-07         0         0         0         0         0         0         0         0         0         0         0         0         0         0         0         0
         0         0         0         0         0         0         0         0         0         0         0         0         0         0         0         0         0         0         0   0.01528         0         0         0         0         0     97.53   0.01528         0         0         0         0         0 7.397e-11         0         0         0         0         0         0         0         0 6.097e-10         0         0         0         0         0
         0         0         0         0         0         0         0         0         0         0         0         0         0         0         0         0         0         0         0         0   0.01528         0         0         0     97.53         0         0   0.01528         0         0         0         0 7.397e-11         0         0         0         0         0         0         0         0 6.097e-10         0         0         0         0         0
         0         0         0         0         0         0         0         0         0         0         0         0         0         0         0         0         0         0         0     8.554         0         0         0         0   0.05594         0         0     97.53         0 1.372e-09         0         0         0         0 7.397e-11         0         0         0         0         0         0         0         0         0         0 1.565e-08         0
         0         0         0         0         0         0         0         0         0         0         0         0         0         0         0         0         0         0         0         0     8.554         0         0         0         0   0.05594     97.53         0         0 1.372e-09         0         0         0         0 7.397e-11         0         0         0         0         0         0         0         0         0 1.565e-08         0         0
         0         0         0         0         0         0         0         0         0         0         0         0         0         0         0         0         0     19.25         0         0         0         0         0         0         0         0         0         0         0 7.684e-07         0         0         0         0         0         0         0         0         0         0         0         0         0         0         0         0         0
         0         0         0         0         0         0         0         0         0         0         0         0         0         0         0         0         0         0         0 1.784e-07 1.784e-07         0         0         0         0         0  1.29e-07  1.29e-07 9.038e-07         0         0         0  0.003015         0    0.2409         0         0         0         0         0         0         0         0         0         0         0         0
         0         0         0         0         0         0         0         0         0         0         0         0         0         0         0         0         0         0         0         0         0         0         0 0.0009685         0         0         0         0         0         0         0         0 4.578e-06         0 7.449e-06         0         0         0         0         0   0.01528         0         0         0         0         0         0
         0         0         0         0         0     26.63         0         0         0         0         0         0         0         0         0         0         0         0     1.689         0         0         0         0         0         0         0         0         0         0         0         0         0   0.02113         0         0         0         0         0         0         0         0         0         0         0         0         0         0
         0         0         0         0         0         0         0         0         0         0         0         0         0         0         0         0         0         0         0         0         0         0         0         0  1.29e-07  1.29e-07         0         0         0   0.01528 1.212e-05   0.05594         0         0   0.01528         0         0         0         0         0         0  1.29e-07         0         0         0         0         0
         0         0         0         0         0         0         0         0         0         0         0         0         0         0         0         0         0         0         0 2.903e-07 2.903e-07         0         0         0         0         0         0         0         0         0         0         0         0         0     2.747         0         0         0         0         0         0         0         0         0         0         0         0
         0         0         0         0         0         0         0         0         0         0         0         0         0         0         0         0         0         0         0         0         0         0         0         0         0         0  1.29e-07  1.29e-07         0      4.47 7.222e-05         0   0.05594       3.8         0         0         0         0         0         0         0         0         0         0         0         0         0
         0         0         0         0         0         0         0         0         0         0         0         0         0         0         0         0         0         0         0         0         0         0         0         0         0         0         0         0         0         0         0         0         0         0         0         0     683.5         0         0         0         0   0.03438         0         0         0         0         0
         0         0         0         0         0         0         0         0         0         0         0         0         0         0         0         0         0         0         0         0         0         0         0         0         0         0         0         0         0         0         0         0         0         0         0     803.9         0         0         0         0     19.25         0         0         0         0         0         0
         0         0         0         0         0         0         0         0         0         0         0         0         0         0         0         0         0    0.5423         0         0         0         0         0         0         0         0         0         0         0         0         0         0         0         0         0         0         0         0     97.53         0         0         0     1.221         0         0         0         0
         0         0         0         0         0         0         0         0         0         0         0         0         0         0         0         0         0         0         0         0         0         0         0         0         0         0         0         0         0         0         0         0         0         0         0         0         0     97.53         0     1.436         0         0         0         0         0         0         0
         0         0         0         0         0         0         0         0         0         0         0         0         0         0         0         0         0         0         0         0         0         0         0         0         0         0         0         0         0         0         0         0         0         0         0         0         0         0     2.336         0         0         0         0     1.221         0         0         0
         0         0         0         0         0         0         0         0         0         0         0         0         0         0         0         0         0         0         0         0         0         0         0         0         0         0         0         0         0         0     26.63         0         0         0         0         0     97.53         0         0         0         0         0         0         0         0         0         0
         0         0         0         0         0         0         0         0         0         0         0         0         0         0         0         0         0         0     11.83         0         0         0         0         0 0.0008234 0.0008234         0         0         0         0         0         0  9.99e-05         0         0    0.2409         0         0         0         0         0         0         0         0         0         0         0
         0         0         0         0         0         0         0         0         0         0         0         0         0         0         0         0         0         0         0         0    0.5423         0         0         0         0         0         0         0         0         0         0         0         0         0         0         0         0     11.83         0         0         0         0         0         0    0.1742         0         0
         0         0         0         0         0         0         0         0         0         0         0         0         0         0         0         0         0         0         0         0         0         0         0         0         0         0         0         0         0         0         0         0         0         0         0         0         0         0         0     11.83         0         0         0         0         0         0    0.1742
         0         0         0         0         0         0         0         0         0         0         0         0         0         0         0         0         0         0         0         0         0         0         0         0         0         0         0    0.5423         0         0         0         0         0         0         0         0         0         0         0         0         0         0     8.554         0         0     97.53         0
         0         0         0         0         0         0         0         0         0         0         0         0         0         0         0         0         0         0         0         0         0         0         0         0         0         0    0.5423         0         0         0         0         0         0         0         0         0         0         0         0         0         0         0         0         0     97.53         0     1.436
         0         0         0         0         0         0         0         0         0         0         0         0         0         0         0         0         0         0         0         0         0         0         0         0         0         0         0         0         0         0         0         0         0         0         0         0         0         0         0         0         0         0         0     8.554         0     2.336         0
