         0   0.02485         0         0         0 1.096e-07 9.323e-08         0         0         0         0         0         0         0         0         0         0         0         0         0         0         0         0         0         0         0         0         0         0         0         0         0         0         0         0         0         0         0         0         0         0         0         0         0         0         0         0         0         0         0         0         0         0         0         0         0         0
    0.2049         0   0.09102         0         0         0         0         0         0         0         0 1.565e-08         0         0         0         0         0         0         0         0 1.565e-08         0         0         0         0         0         0         0         0         0         0         0         0         0         0         0         0         0         0         0         0         0         0         0         0         0         0         0         0         0         0         0         0         0         0         0         0
         0     11.83         0         0         0 0.0001175  9.99e-05         0         0    0.7502         0         0         0         0         0         0         0         0         0         0         0         0         0         0         0         0         0         0         0         0         0 2.994e-08         0         0         0         0         0         0         0         0         0         0         0         0         0         0         0         0         0         0         0         0         0         0         0         0         0
         0         0         0         0     97.53         0     683.5         0     1.436         0         0         0         0         0         0         0         0         0         0         0         0         0         0         0 3.747e-10         0         0         0         0         0         0         0         0         0         0         0         0         0         0         0         0         0         0 1.506e-12         0         0         0         0   8.7e-11         0         0         0         0         0         0         0         0
         0         0         0     97.53         0     683.5         0     1.436         0         0         0         0         0         0         0         0         0         0         0         0         0  1.73e-06 0.0009685         0 3.747e-10         0         0         0         0 2.084e-12         0         0         0 2.973e-13 2.034e-06         0         0         0         0         0         0  1.73e-06         0 1.506e-12         0         0         0         0         0         0         0         0         0         0         0         0         0
   0.04044         0   0.04044         0     803.9         0     97.53         0         0         0         0         0         0         0         0         0         0         0         0         0         0         0         0         0         0         0         0         0         0         0 2.084e-12         0         0         0         0         0  5.69e-13         0         0         0         0         0         0         0 1.506e-12         0         0         0         0         0         0         0         0         0         0         0         0
   0.03438         0   0.03438     803.9         0     97.53         0         0         0         0         0         0         0         0         0         0         0         0         0         0         0         0         0         0         0         0         0         0         0         0 8.974e-12         0         0         0         0         0 8.974e-12         0         0         0         0         0         0         0 1.506e-12         0         0         0         0   8.7e-11         0         0         0         0         0         0         0
         0         0         0         0     2.336         0         0         0     97.53         0         0         0         0         0         0         0         0         0         0         0         0         0         0         0         0         0         0         0         0         0         0         0 2.084e-12         0         0         0         0         0  5.69e-13         0         0         0         0         0         0 1.506e-12         0         0         0         0         0         0         0         0         0         0         0
         0         0         0     2.336         0         0         0     97.53         0         0         0         0         0         0         0         0         0         0         0         0         0         0         0         0         0         0         0         0         0         0         0         0 8.974e-12         0         0         0         0         0 8.974e-12         0         0         0         0         0         0 1.506e-12         0         0         0         0   8.7e-11         0         0         0         0         0         0
         0         0     803.9         0         0         0         0         0         0         0         0         0         0         0         0         0         0         0         0         0         0         0         0         0         0         0         0         0         0         0         0         0         0         0         0         0 5.347e-11         0         0         0         0         0         0         0         0         0         0         0         0         0         0         0         0         0         0         0         0
         0         0         0         0         0         0         0         0         0         0         0     97.53     6.183         0         0         0         0     1.221         0         0         0         0         0         0         0         0         0         0         0         0         0         0         0         0         0         0         0         0         0         0         0         0         0         0         0         0         0         0         0         0         0         0         0         0         0         0         0
         0    0.5423         0         0         0         0         0         0         0         0     97.53         0         0     6.183     1.436         0         0         0     1.221         0         0         0         0   0.09102         0         0         0         0         0         0         0         0         0         0         0         0         0         0         0         0         0         0         0         0         0         0         0         0         0         0         0         0         0         0         0         0         0
         0         0         0         0         0         0         0         0         0         0     8.554         0         0     97.53         0         0         0         0         0         0         0         0         0         0         0         0         0         0         0         0         0         0         0         0         0         0         0         0         0         0         0         0         0         0         0         0         0         0         0         0         0         0         0         0 1.665e-10         0         0
         0         0         0         0         0         0         0         0         0         0         0     8.554     97.53         0         0     1.436         0         0         0         0         0         0         0         0  0.003015         0         0         0         0         0         0         0         0         0         0         0         0         0         0         0         0         0         0         0         0         0         0         0         0         0         0         0         0         0         0 1.665e-10         0
         0         0         0         0         0         0         0         0         0         0         0     2.336         0         0         0     6.183         0         0         0     1.221         0         0         0         0         0         0         0         0         0         0         0         0         0         0         0         0         0         0         0         0         0         0         0         0         0         0         0         0         0         0         0         0         0         0         0         0         0
         0         0         0         0         0         0         0         0         0         0         0         0         0     2.336     8.554         0         0         0         0         0         0         0         0         0         0         0         0         0         0         0         0         0         0         0         0         0         0         0         0         0         0         0         0         0         0         0         0         0         0         0         0         0         0         0         0         0 1.665e-10
         0         0         0         0         0         0         0         0         0         0         0         0         0         0         0         0         0         0         0         0         0         0         0         0         0         0         0         0         0         0         0   0.03438         0         0         0         0         0         0         0         0         0         0         0         0         0         0         0         0         0 2.098e-07         0         0         0         0         0         0         0
         0         0         0         0         0         0         0         0         0         0     11.83         0         0         0         0         0         0         0     97.53         0         0         0         0         0         0         0         0         0         0         0         0         0         0         0         0         0         0         0         0         0         0         0         0         0         0         0         0         0         0         0         0         0         0         0 1.167e-09         0         0
         0         0         0         0         0         0         0         0         0         0         0     11.83         0         0         0         0         0     97.53         0     1.436         0         0         0         0  0.003015  0.003015         0         0         0         0         0         0         0         0         0         0         0         0         0         0         0         0         0         0         0         0         0         0         0         0         0         0         0         0         0 1.167e-09         0
         0         0         0         0         0         0         0         0         0         0         0         0         0         0     11.83         0         0         0     2.336         0         0         0         0         0         0         0         0         0         0         0         0         0         0         0         0         0         0         0         0         0         0         0         0         0         0         0         0         0         0         0         0         0         0         0         0         0 1.167e-09
         0     11.83         0         0         0         0         0         0         0         0         0         0         0         0         0         0         0         0         0         0         0         0         0         0    0.1259         0         0         0         0         0         0         0         0         0         0         0         0         0         0         0         0         0         0         0         0         0         0         0         0         0         0         0         0         0         0         0         0
         0         0         0         0   0.07738         0         0         0         0         0         0         0         0         0         0         0         0         0         0         0         0         0         0         0         0         0         0     1.689         0         0         0         0         0         0         0         0         0         0         0         0         0         0  6.14e-05 1.167e-09         0         0         0 1.063e-06         0         0         0         0         0         0         0         0         0
         0         0         0         0      70.5         0         0         0         0         0         0         0         0         0         0         0         0         0         0         0         0         0         0         0         0         0     2.747         0         0         0         0         0         0         0         0         0         0         0         0         0         0         0         0         0         0         0         0         0         0         0         0         0         0         0         0         0         0
         0         0         0         0         0         0         0         0         0         0         0     11.83         0         0         0         0         0         0         0         0         0         0         0         0     11.83   0.04756         0         0         0         0         0         0         0         0         0         0         0         0         0         0         0         0         0         0         0         0         0         0         0         0         0         0         0         0         0         0         0
         0         0         0 8.494e-05 8.494e-05         0         0         0         0         0         0         0         0    0.5423         0         0         0         0   0.07738         0     1.436         0         0     22.64         0         0         0         0   0.01797         0         0         0         0         0         0         0         0         0         0         0         0         0         0         0         0         0         0         0         0         0         0         0         0         0         0         0         0
         0         0         0         0         0         0         0         0         0         0         0         0         0         0         0         0         0         0     1.986         0         0         0         0     2.336         0         0         0         0     258.2         0         0         0         0         0         0         0         0         0         0         0         0         0         0         0         0         0         0         0         0         0         0         0         0         0         0         0         0
         0         0         0         0         0         0         0         0         0         0         0         0         0         0         0         0         0         0         0         0         0         0     258.2         0         0         0         0         0         0         0         0         0         0         0         0     16.37         0         0         0         0         0         0         0         0         0         0         0         0         0         0         0         0         0         0         0         0         0
         0         0         0         0         0         0         0         0         0         0         0         0         0         0         0         0         0         0         0         0         0     258.2         0         0         0         0         0         0         0 1.426e-05         0         0         0         0         0         0         0         0         0         0         0         0         0         0         0         0         0         0         0         0         0         0         0         0         0         0         0
         0         0         0         0         0         0         0         0         0         0         0         0         0         0         0         0         0         0         0         0         0         0         0         0     1.436     803.9         0         0         0         0         0         0         0         0         0         0         0         0         0         0         0         0         0         0         0         0 0.0001912         0         0         0         0         0         0         0         0         0         0
         0         0         0         0 0.0001625         0         0         0         0         0         0         0         0         0         0         0         0         0         0         0         0         0         0         0         0         0         0 0.0001625         0         0     683.5         0     1.436     43.33         0         0         0         0         0         0         0         0 1.677e-05   0.05594         0         0         0         0 0.0002248         0         0         0         0         0         0         0         0
         0         0         0         0         0 0.0001625 0.0007001         0         0         0         0         0         0         0         0         0         0         0         0         0         0         0         0         0         0         0         0         0         0     803.9         0         0         0         0         0         0     43.33         0         0         0         0         0         0         0   0.05594         0         0         0         0 0.0002248         0         0         0         0         0         0         0
         0         0     945.5         0         0         0         0         0         0         0         0         0         0         0         0         0     945.5         0         0         0         0         0         0         0         0         0         0         0         0         0         0         0         0         0         0         0         0         0         0         0         0         0         0         0         0         0         0         0         0         0         0         0         0         0         0         0         0
         0         0         0         0         0         0         0 0.0001625 0.0007001         0         0         0         0         0         0         0         0         0         0         0         0         0         0         0         0         0         0         0         0     2.336         0         0         0         0         0         0         0         0     43.33         0         0         0         0         0         0   0.05594         0         0         0         0 0.0002248         0         0         0         0         0         0
         0         0         0         0  6.14e-05         0         0         0         0         0         0         0         0         0         0         0         0         0         0         0         0         0         0         0         0         0         0         0         0     114.7         0         0         0         0 1.677e-05         0     683.5         0     1.436         0         0         0 1.677e-05         0         0         0         0         0         0         0         0         0         0         0         0         0         0
         0         0         0         0     420.1         0         0         0         0         0         0         0         0         0         0         0         0         0         0         0         0         0         0         0         0         0         0         0         0         0         0         0         0 1.677e-05         0         0         0   0.02113         0         0     420.1         0   0.02113         0         0         0         0         0         0         0         0         0         0         0         0         0         0
         0         0         0         0         0         0         0         0         0         0         0         0         0         0         0         0         0         0         0         0         0         0         0         0         0         0     494.1         0         0         0         0         0         0         0         0         0         0         0         0     59.94         0         0         0         0         0         0         0         0         0         0         0         0         0         0         0         0         0
         0         0         0         0         0 0.0001175  0.001853         0         0  0.003547         0         0         0         0         0         0         0         0         0         0         0         0         0         0         0         0         0         0         0         0     114.7         0         0     803.9         0         0         0         0         0         0         0         0         0         0         0         0         0         0         0 0.0005952         0         0         0         0         0         0         0
         0         0         0         0         0         0         0         0         0         0         0         0         0         0         0         0         0         0         0         0         0         0         0         0         0         0         0         0         0         0         0         0         0         0   0.02923         0         0         0         0         0         0         0     303.7 2.098e-07         0         0         0         0 4.142e-08         0         0         0         0         0         0         0         0
         0         0         0         0         0         0         0 0.0001175  0.001853         0         0         0         0         0         0         0         0         0         0         0         0         0         0         0         0         0         0         0         0         0         0         0     114.7     2.336         0         0         0         0         0         0         0         0         0         0         0         0         0         0         0         0 0.0005952         0         0         0         0         0         0
         0         0         0         0         0         0         0         0         0         0         0         0         0         0         0         0         0         0         0         0         0         0         0         0         0         0         0         0         0         0         0         0         0         0         0     97.53         0         0         0         0         0         0         0         0         0         0    0.3333         0         0         0         0         0         0         0         0         0         0
         0         0         0         0         0         0         0         0         0         0         0         0         0         0         0         0         0         0         0         0         0         0         0         0         0         0         0         0         0         0         0         0         0         0     945.5         0         0         0         0         0         0     945.5         0         0         0         0         0         0         0         0         0         0         0         0         0         0         0
         0         0         0         0     803.9         0         0         0         0         0         0         0         0         0         0         0         0         0         0         0         0         0         0         0         0         0         0         0         0         0         0         0         0         0         0         0         0         0         0         0     945.5         0         0         0         0         0         0         0         0         0         0         0         0         0         0         0         0
         0         0         0         0         0         0         0         0         0         0         0         0         0         0         0         0         0         0         0         0         0    0.7502         0         0         0         0         0         0         0 0.0001175         0         0         0 4.438e-05   0.05594         0         0     581.1         0         0         0         0         0 4.015e-07         0         0         0         0 4.142e-08         0         0         0         0         0         0         0         0
         0         0         0  0.009389  0.009389         0         0         0         0         0         0         0         0         0         0         0         0         0         0         0         0 0.0001625         0         0         0         0         0         0         0      4.47         0         0         0         0         0         0         0 4.578e-06         0         0         0         0 4.578e-06         0     683.5     1.436         0         0 0.0005061         0         0         0         0         0         0         0         0
         0         0         0         0         0  0.009389  0.009389         0         0         0         0         0         0         0         0         0         0         0         0         0         0         0         0         0         0         0         0         0         0         0      4.47         0         0         0         0         0         0         0         0         0         0         0         0     803.9         0         0         0         0         0 0.0005061         0         0         0         0         0         0         0
         0         0         0         0         0         0         0  0.009389  0.009389         0         0         0         0         0         0         0         0         0         0         0         0         0         0         0         0         0         0         0         0         0         0         0      4.47         0         0         0         0         0         0         0         0         0         0     2.336         0         0         0         0         0         0 0.0005061         0         0         0         0         0         0
         0         0         0         0         0         0         0         0         0         0         0         0         0         0         0         0         0         0         0         0         0         0         0         0         0         0         0         0    0.1259         0         0         0         0         0         0         0         0         0         0     11.83         0         0         0         0         0         0         0         0         0         0         0         0         0         0         0         0         0
         0         0         0         0         0         0         0         0         0         0         0         0         0         0         0         0         0         0         0         0         0    0.3333         0         0         0         0         0         0         0         0         0         0         0         0         0         0         0         0         0         0         0         0         0         0         0         0         0         0    0.8823         0         0         0         0         0         0         0         0
         0         0         0     1.986         0         0         0         0         0         0         0         0         0         0         0         0         0         0         0         0         0         0         0         0         0         0         0         0         0   0.06579         0         0         0         0         0         0         0  3.31e-06         0         0         0         0  1.73e-06  0.001853         0         0         0     1.436         0     683.5     1.436         0         0         0         0         0         0
         0         0         0         0         0         0     1.986         0         0         0         0         0         0         0         0         0     1.436         0         0         0         0         0         0         0         0         0         0         0         0         0   0.06579         0         0         0         0         0   0.06579         0         0         0         0         0         0         0  0.001853         0         0         0     803.9         0         0         0         0         0         0         0         0
         0         0         0         0         0         0         0         0     1.986         0         0         0         0         0         0         0         0         0         0         0         0         0         0         0         0         0         0         0         0         0         0         0   0.06579         0         0         0         0         0   0.06579         0         0         0         0         0         0  0.001853         0         0     2.336         0         0         0         0         0         0         0         0
         0         0         0         0         0         0         0         0         0         0         0         0         0         0         0         0         0         0         0         0         0         0         0         0         0         0         0         0         0         0         0         0         0         0         0         0         0         0         0         0         0         0         0         0         0         0         0         0         0         0         0         0     97.53         0     303.7         0         0
         0         0         0         0         0         0         0         0         0         0         0         0         0         0         0         0         0         0         0         0         0         0         0         0         0         0         0         0         0         0         0         0         0         0         0         0         0         0         0         0         0         0         0         0         0         0         0         0         0         0         0     97.53         0     1.436         0     303.7         0
         0         0         0         0         0         0         0         0         0         0         0         0         0         0         0         0         0         0         0         0         0         0         0         0         0         0         0         0         0         0         0         0         0         0         0         0         0         0         0         0         0         0         0         0         0         0         0         0         0         0         0         0     2.336         0         0         0     303.7
         0         0         0         0         0         0         0         0         0         0         0         0     1.436         0         0         0         0     1.436         0         0         0         0         0         0         0         0         0         0         0         0         0         0         0         0         0         0         0         0         0         0         0         0         0         0         0         0         0         0         0         0         0     581.1         0         0         0     97.53         0
         0         0         0         0         0         0         0         0         0         0         0         0         0     1.436         0         0         0         0     1.436         0         0         0         0         0         0         0         0         0         0         0         0         0         0         0         0         0         0         0         0         0         0         0         0         0         0         0         0         0         0         0         0         0     581.1         0     97.53         0     1.436
         0         0         0         0         0         0         0         0         0         0         0         0         0         0         0     1.436         0         0         0     1.436         0         0         0         0         0         0         0         0         0         0         0         0         0         0         0         0         0         0         0         0         0         0         0         0         0         0         0         0         0         0         0         0         0     581.1         0     2.336         0
