         0         0         0 2.098e-07  1.73e-06         0         0 2.098e-07         0  1.73e-06         0         0 2.994e-08         0         0         0         0         0
         0         0     1.436     16.37         0         0         0     16.37         0         0         0         0         0         0         0         0         0         0
         0     2.336         0         0     16.37         0         0         0         0     16.37         0         0         0         0         0         0         0         0
 2.034e-06     134.9         0         0     1.436    0.5423         0     186.6         0         0         0         0   0.00577         0         0         0         0         0
 2.728e-05         0     134.9     2.336         0         0    0.5423         0         0     186.6         0         0  0.009389         0         0         0         0         0
         0         0         0     1.038         0         0     1.436         0   0.09102         0     186.6         0         0         0         0         0         0         0
         0         0         0         0     1.038     2.336         0         0    0.1481         0         0     186.6         0         0         0         0         0         0
 8.761e-06     581.1         0     803.9         0         0         0         0         0     1.436    0.5423         0         0     36.84         0   0.01299         0         0
         0         0         0         0         0    0.2834    0.2834         0         0         0    0.2834         0     1.038         0         0         0         0     1.221
 0.0001175         0     581.1         0     803.9         0         0     2.336         0         0         0    0.5423         0         0     36.84   0.02113         0         0
         0         0         0         0         0     803.9         0     1.038     0.392         0         0     1.436         0         0         0         0         0   0.01299
         0         0         0         0         0         0     803.9         0         0     1.038     2.336         0         0         0         0         0         0   0.02113
 3.893e-06         0         0   0.07738   0.07738         0         0         0     2.336         0         0         0         0   0.07738   0.07738     5.257    0.1481         0
         0         0         0         0         0         0         0     186.6         0         0         0         0    0.1259         0         0         0         0         0
         0         0         0         0         0         0         0         0         0     186.6         0         0    0.2049         0         0         0         0         0
         0         0         0         0         0         0         0    0.2834         0    0.2834         0         0     36.84         0         0         0         0    0.5423
         0         0         0         0         0         0         0         0         0         0         0         0     1.038         0         0         0         0     19.25
         0         0         0         0         0         0         0         0     36.84         0    0.2834    0.2834         0         0         0     1.038     36.84         0
