         0   0.01528         0 0.0002248         0         0         0         0         0         0         0         0         0 1.565e-08         0         0         0         0         0         0         0         0         0         0         0         0         0         0         0         0         0         0         0         0         0         0         0         0         0         0         0         0
     43.33         0     59.94         0         0         0         0         0         0         0         0         0         0         0         0         0         0         0         0         0         0         0         0         0         0         0         0         0         0         0         0         0         0         0         0         0         0         0         0         0         0         0
         0     803.9         0         0         0         0         0         0         0         0         0         0         0         0         0         0         0 0.0008234         0         0         0         0         0         0         0         0         0         0         0         0         0         0         0         0         0         0         0         0         0         0         0         0
     357.2         0         0         0         0         0   0.00577  0.004906         0         0         0         0         0         0         0         0         0         0         0         0         0 0.0009685         0         0         0         0         0 1.426e-05         0         0         0         0         0         0         0         0         0         0         0         0         0         0
         0         0         0         0         0     97.53         0     683.5         0     1.436         0         0         0         0         0         0         0         0         0         0  3.31e-06         0 7.926e-08         0         0         0         0         0 4.142e-08         0         0         0         0         0         0         0         0         0         0   8.7e-11         0         0
         0         0         0         0     97.53         0     683.5         0     1.436         0         0         0         0         0         0         0         0         0         0         0  3.31e-06         0 7.926e-08         0         0         0         0         0         0 4.142e-08         0         0         0         0         0         0         0         0         0         0         0         0
         0         0         0   0.04044         0     803.9         0     97.53         0         0         0     1.436         0         0         0         0         0    0.1259    0.1259         0         0         0         0         0         0         0         0         0         0         0 4.142e-08         0         0         0         0         0         0         0         0         0         0         0
         0         0         0   0.03438     803.9         0     97.53         0         0         0     1.436         0         0         0         0         0         0    0.1259    0.1259         0         0         0         0         0         0         0         0         0         0         0         0 4.142e-08         0         0         0         0         0         0         0         0   8.7e-11         0
         0         0         0         0         0     2.336         0         0         0     97.53         0     683.5         0         0         0         0         0         0         0         0         0         0         0         0         0         0         0         0         0         0         0         0         0 4.142e-08         0         0         0         0         0         0         0         0
         0         0         0         0     2.336         0         0         0     97.53         0     683.5         0         0         0         0         0         0         0         0         0         0         0         0         0         0         0         0         0         0         0         0         0 4.142e-08         0         0         0         0         0         0         0         0   8.7e-11
         0         0         0         0         0         0         0     2.336         0     803.9         0     97.53         0         0         0         0         0         0         0    0.1259         0         0         0         0         0         0         0         0         0         0         0         0         0         0         0         0         0         0         0         0         0         0
         0         0         0         0         0         0     2.336         0     803.9         0     97.53         0         0         0         0         0         0         0         0    0.1259         0         0         0         0         0         0         0         0         0         0         0         0         0         0         0         0         0         0         0         0         0         0
         0         0         0         0         0         0         0         0         0         0         0         0         0     97.53         0         0         0         0         0         0         0         0         0         0         0         0         0         0         0         0         0         0         0         0         0         0 4.407e-10         0         0         0         0         0
    0.5423         0         0         0         0         0         0         0         0         0         0         0     97.53         0     1.436         0         0         0         0         0         0         0         0         0         0         0         0         0         0         0         0         0         0         0         0         0         0 4.407e-10         0         0         0         0
         0         0         0         0         0         0         0         0         0         0         0         0         0     2.336         0         0         0         0         0         0         0         0         0         0         0         0         0         0         0         0         0         0         0         0         0         0         0         0 4.407e-10         0         0         0
         0         0         0         0         0         0         0         0         0         0         0         0         0         0         0         0         0         0         0         0         0   0.04044         0         0         0         0         0         0         0         0 1.063e-06         0         0         0         0         0         0         0         0         0         0         0
         0         0         0         0         0         0         0         0         0         0         0         0         0         0         0         0         0         0         0         0         0         0         0         0         0         0         0   0.03438         0         0         0 1.063e-06         0         0         0         0         0         0         0         0         0         0
         0         0     158.7         0         0         0     82.92     82.92         0         0         0         0         0         0         0         0         0         0         0         0         0         0         0 3.414e-07 1.517e-07         0         0         0         0         0         0         0         0         0         0         0         0         0         0         0         0         0
         0         0         0         0         0         0     114.7     114.7         0         0         0         0         0         0         0         0         0         0         0         0         0         0         0         0         0 1.517e-07         0         0         0         0         0         0         0         0         0         0         0         0         0         0         0         0
         0         0         0         0         0         0         0         0         0         0     82.92     82.92         0         0         0         0         0         0         0         0         0         0         0         0         0         0 1.517e-07         0         0         0         0         0         0         0         0         0         0         0         0         0         0         0
         0         0         0         0    0.1481    0.1481         0         0         0         0         0         0         0         0         0         0         0         0         0         0         0         0  0.003547         0         0         0         0         0  3.31e-06  3.31e-06         0         0         0         0         0         0         0         0         0         0         0         0
         0         0         0     494.1         0         0         0         0         0         0         0         0         0         0         0     8.554         0         0         0         0         0         0         0         0         0         0         0         0         0         0         0         0         0         0         0         0         0         0         0         0         0         0
         0         0         0         0   0.02923   0.02923         0         0         0         0         0         0         0         0         0         0         0         0         0         0   0.02923         0         0         0         0         0         0         0  1.29e-07  1.29e-07         0         0         0         0 4.142e-08         0         0         0         0         0         0         0
         0         0         0         0         0         0         0         0         0         0         0         0         0         0         0         0         0 0.0009685         0         0         0         0         0         0     158.7         0         0         0         0         0 0.0001382 0.0001382         0         0         0         0         0         0         0         0 5.385e-06         0
         0         0         0         0         0         0         0         0         0         0         0         0         0         0         0         0         0 0.0004303         0         0         0         0         0     158.7         0     357.2     1.436         0         0         0  0.001576   0.02485         0         0         0   0.09102         0         0         0         0         0         0
         0         0         0         0         0         0         0         0         0         0         0         0         0         0         0         0         0         0 0.0004303         0         0         0         0         0     494.1         0         0         0         0         0         0         0         0         0         0         0         0         0         0         0 7.449e-06         0
         0         0         0         0         0         0         0         0         0         0         0         0         0         0         0         0         0         0         0 0.0004303         0         0         0         0     2.336         0         0         0         0         0         0         0   0.02923  0.001853         0         0         0         0         0         0         0         0
         0         0         0     945.5         0         0         0         0         0         0         0         0         0         0         0         0     945.5         0         0         0         0         0         0         0         0         0         0         0         0         0         0         0         0         0         0         0         0         0         0         0         0         0
         0         0         0         0     11.83         0         0         0         0         0         0         0         0         0         0         0         0         0         0         0   0.02113         0  9.99e-05         0         0         0         0         0         0     97.53         0     683.5     1.436         0         0         0         0         0         0   0.04044         0         0
         0         0         0         0         0     11.83         0         0         0         0         0         0         0         0         0         0         0         0         0         0   0.02113         0  9.99e-05         0         0         0         0         0     97.53         0     683.5         0         0     1.436         0         0         0         0         0         0         0         0
         0         0         0         0         0         0     11.83         0         0         0         0         0         0         0         0    0.8823         0         0         0         0         0         0         0   0.02113    0.2409         0         0         0         0     803.9         0     97.53         0         0         0         0         0         0         0         0         0         0
         0         0         0         0         0         0         0     11.83         0         0         0         0         0         0         0         0    0.8823         0         0         0         0         0         0   0.02113       3.8         0         0         0     803.9         0     97.53         0         0         0         0         0         0         0         0         0   0.04044         0
         0         0         0         0         0         0         0         0         0     11.83         0         0         0         0         0         0         0         0         0         0         0         0         0         0         0         0       3.8         0     2.336         0         0         0         0     97.53         0         0         0         0         0         0         0   0.04044
         0         0         0         0         0         0         0         0     11.83         0         0         0         0         0         0         0         0         0         0         0         0         0         0         0         0         0    0.2409         0         0     2.336         0         0     97.53         0         0         0         0         0         0         0         0         0
         0         0         0         0         0         0         0         0         0         0         0         0         0         0         0         0         0         0         0         0         0         0  0.000311         0         0         0         0         0         0         0         0         0         0         0         0         0         0         0         0     0.392         0         0
         0         0         0         0         0         0         0         0         0         0         0         0         0         0         0         0         0         0         0         0         0         0         0         0     303.7         0         0         0         0         0         0         0         0         0         0         0         0         0         0         0   0.01797         0
         0         0         0         0         0         0         0         0         0         0         0         0    0.8823         0         0         0         0         0         0         0         0         0         0         0         0         0         0         0         0         0         0         0         0         0         0         0         0     97.53         0         0         0         0
         0         0         0         0         0         0         0         0         0         0         0         0         0    0.8823         0         0         0         0         0         0         0         0         0         0         0         0         0         0         0         0         0         0         0         0         0         0     97.53         0     1.436         0         0         0
         0         0         0         0         0         0         0         0         0         0         0         0         0         0    0.8823         0         0         0         0         0         0         0         0         0         0         0         0         0         0         0         0         0         0         0         0         0         0     2.336         0         0         0         0
         0         0         0         0     1.986         0         0         0         0         0         0         0         0         0         0         0         0         0         0         0         0         0         0         0         0         0         0         0     3.231         0         0         0         0         0     3.231         0         0         0         0         0     683.5     1.436
         0         0         0         0         0         0         0     1.986         0         0         0         0         0         0         0         0         0         0         0         0         0         0         0   0.06579         0   0.06579         0         0         0         0         0     3.231         0         0         0   0.06579         0         0         0     803.9         0         0
         0         0         0         0         0         0         0         0         0     1.986         0         0         0         0         0         0         0         0         0         0         0         0         0         0         0         0         0         0         0         0         0         0     3.231         0         0         0         0         0         0     2.336         0         0
