         0    0.5423   0.05594     7.273         0   0.02113         0 1.426e-05         0         0 3.893e-06
     1.038         0     36.84         0    0.2049         0         0         0         0         0         0
     1.038     357.2         0     1.038         0   0.09102         0         0         0    0.2049         0
     494.1         0       3.8         0         0     1.436         0         0         0         0         0
         0     22.64         0         0         0      4.47         0  0.003015         0         0         0
     5.257         0     1.221     5.257     5.257         0     5.257         0         0         0         0
         0         0         0         0         0     186.6         0         0         0     43.33   0.03438
    0.7502         0         0         0    0.7502         0         0         0     97.53         0     1.436
         0         0         0         0         0         0         0     97.53         0         0         0
         0         0     945.5         0         0         0     420.1         0         0         0         0
    0.7502         0         0         0         0         0    0.7502     5.257         0         0         0
