         0     1.436    0.1259         0         0         0         0    0.1259         0         0         0         0         0         0         0
     2.336         0         0    0.1259         0         0         0         0    0.1259         0         0         0         0         0         0
     82.92         0         0     1.436    0.5423         0         0     114.7         0         0   0.00577         0         0         0         0
         0     82.92     2.336         0         0    0.5423         0         0     114.7         0  0.009389         0         0         0         0
         0         0     1.038         0         0     1.436   0.05594         0         0     114.7         0         0         0         0         0
         0         0         0     1.038     2.336         0   0.09102         0         0         0         0     114.7         0         0         0
         0         0         0         0    0.1742    0.1742         0         0         0    0.1742     1.038         0   0.01104         0    0.7502
     581.1         0     803.9         0         0         0         0         0     1.436    0.5423         0         0         0   0.01299         0
         0     581.1         0     803.9         0         0         0     2.336         0         0         0    0.5423         0   0.02113         0
         0         0         0         0     803.9         0     0.392     1.038         0         0         0     1.436     36.84         0   0.01299
         0         0   0.07738   0.07738         0         0     2.336         0         0         0         0         0         0     3.231         0
         0         0         0         0         0     803.9         0         0     1.038     2.336         0         0         0         0   0.02113
         0         0         0         0         0         0    0.1259         0         0     186.6         0         0         0         0         0
         0         0         0         0         0         0         0    0.2834    0.2834         0     36.84         0         0         0    0.5423
         0         0         0         0         0         0     36.84         0         0    0.2834         0    0.2834         0     1.038         0
