         0   0.02485         0         0         0         0         0         0         0         0         0         0         0         0         0         0         0         0         0         0         0         0         0         0         0         0         0         0         0         0         0         0         0         0         0         0         0         0         0         0         0         0         0         0         0         0         0         0
    0.2049         0     1.221         0 0.0003658         0         0         0         0         0         0         0         0         0         0 1.565e-08         0         0         0         0         0         0         0         0         0         0         0         0         0         0         0         0         0         0         0         0         0         0         0         0         0         0         0         0         0         0         0         0
         0     11.83         0         0         0         0         0         0         0         0         0         0         0 1.212e-05         0         0         0 7.449e-06         0 1.565e-08         0         0 3.987e-12         0         0         0         0         0         0         0         0         0         0         0         0         0         0         0         0         0         0         0         0         0         0         0         0         0
         0         0         0         0    0.1481 1.972e-05 2.319e-05   0.00577  0.004906         0         0     36.84         0    0.1481         0         0         0         0         0         0         0         0 3.865e-11         0 3.522e-08         0         0         0         0         0         0         0         0         0 3.414e-07         0         0         0         0         0         0         0         0         0         0         0         0         0
         0     11.83         0    0.7502         0         0         0         0         0         0         0    0.7502         0         0         0         0         0         0         0         0         0         0         0         0         0         0         0         0         0         0         0         0         0         0         0         0         0         0         0         0         0         0         0         0         0         0         0         0
         0         0         0 0.0001175         0         0     97.53         0     683.5         0     1.436 0.0001175         0         0         0         0         0         0         0         0         0         0         0 7.684e-07         0 8.434e-10         0         0         0         0         0         0         0         0         0         0         0 2.626e-09         0         0         0         0         0         0         0         0         0         0
         0         0         0 0.0001382         0     97.53         0     683.5         0     1.436         0 0.0001382         0         0         0         0         0         0         0         0         0         0         0 7.684e-07         0 5.347e-11         0         0         0         0         0         0         0         0         0         0         0         0 2.626e-09         0         0         0         0         0         0         0         0         0
         0         0         0   0.04044         0         0     803.9         0     97.53         0         0         0   0.04044         0         0         0         0         0         0         0         0         0         0         0         0         0 5.347e-11         0         0         0         0         0         0         0         0         0         0         0         0 2.626e-09         0         0         0         0         0         0         0         0
         0         0         0   0.03438         0     803.9         0     97.53         0         0         0   0.03438         0         0         0         0         0         0         0         0         0         0         0         0         0         0 8.434e-10         0         0         0         0         0         0         0         0         0         0         0         0         0 2.626e-09         0         0         0         0         0         0         0
         0         0         0         0         0         0     2.336         0         0         0     97.53         0         0         0         0         0         0         0         0         0         0         0         0         0         0         0         0 5.347e-11         0         0         0         0         0         0         0         0         0         0         0         0         0 2.626e-09         0         0         0         0         0         0
         0         0         0         0         0     2.336         0         0         0     97.53         0         0         0         0         0         0         0         0         0         0         0         0         0         0         0         0         0 8.434e-10         0         0         0         0         0         0         0         0         0         0         0         0         0         0 2.626e-09         0         0         0         0         0
         0         0         0     803.9     3.231 0.0004303 0.0005061         0     0.107         0         0         0     7.273     3.231         0         0         0         0         0         0         0         0 8.434e-10         0 7.684e-07         0         0         0         0         0         0         0         0         0 7.449e-06         0         0         0         0         0         0         0         0         0         0         0         0         0
         0         0         0         0         0         0         0     8.554         0         0         0     494.1         0         0         0         0         0         0         0         0         0         0         0         0         0         0         0         0         0         0         0         0         0         0         0         0         0         0         0         0         0         0         0         0         0         0         0         0
         0         0     13.92     258.2         0         0         0         0         0         0         0     258.2         0         0         0         0         0         0         0         0         0         0         0         0         0         0         0         0         0         0         0         0         0         0         0         0         0         0         0         0         0         0         0         0         0         0         0         0
         0         0         0         0         0         0         0         0         0         0         0         0         0         0         0     97.53         0         0     1.221         0         0         0         0         0         0         0         0         0         0         0         0         0         0         0         0         0         0         0         0         0         0         0         0         0         0         0         0         0
         0    0.5423         0         0         0         0         0         0         0         0         0         0         0         0     97.53         0     1.436         0         0     1.221         0   0.09102         0         0         0         0         0         0         0         0         0         0         0         0         0         0         0         0         0         0         0         0         0         0         0         0         0         0
         0         0         0         0         0         0         0         0         0         0         0         0         0         0         0     2.336         0         0         0         0     1.221         0         0         0         0         0         0         0         0         0         0         0         0         0         0         0         0         0         0         0         0         0         0         0         0         0         0         0
         0         0      70.5         0         0         0         0         0         0         0         0         0         0         0         0         0         0         0         0    0.1481         0         0         0         0         0         0         0         0         0         0         0         0         0         0         0         0         0         0         0         0         0         0         0         0         0         0         0         0
         0         0         0         0         0         0         0         0         0         0         0         0         0         0     11.83         0         0         0         0     97.53         0         0         0         0         0         0         0         0         0         0         0         0         0         0         0         0         0         0         0         0         0         0         0         0         0 1.096e-07         0         0
         0         0    0.5423         0         0         0         0         0         0         0         0         0         0         0         0     11.83         0    0.5423     97.53         0     1.436         0  0.003015         0         0         0         0         0         0         0         0         0         0         0         0  0.003015         0         0         0         0         0         0         0         0         0         0 1.096e-07         0
         0         0         0         0         0         0         0         0         0         0         0         0         0         0         0         0     11.83         0         0     2.336         0         0         0         0         0         0         0         0         0         0         0         0         0         0         0         0         0         0         0         0         0         0         0         0         0         0         0 1.096e-07
         0         0         0         0         0         0         0         0         0         0         0         0         0         0         0     11.83         0         0         0         0         0         0     11.83         0         0         0         0         0         0         0         0         0         0         0         0         0         0         0         0         0         0         0         0         0         0         0         0         0
         0         0  0.003547  5.22e-05         0         0         0         0         0         0         0  5.22e-05         0         0         0         0         0         0         0   0.07738         0     22.64         0         0         0         0         0         0         0         0         0         0   0.01797         0         0         0         0         0         0         0         0         0         0         0         0         0         0         0
         0         0         0         0         0    0.2834    0.2834         0         0         0         0         0         0         0         0         0         0         0         0         0         0         0         0         0    0.7502 2.814e-06         0         0  0.003547         0 2.728e-05 2.728e-05         0         0         0         0         0         0         0         0         0         0         0         0 3.522e-08         0         0         0
         0         0         0    0.1259         0         0         0         0         0         0         0    0.1259         0         0         0         0         0         0         0         0         0         0         0     1.221         0         0         0         0         0         0         0         0         0         0         0         0         0         0         0         0         0         0         0         0         0         0         0         0
         0         0         0         0         0  0.001853 0.0001175         0         0         0         0         0         0         0         0         0         0         0         0         0         0         0         0 1.677e-05         0         0     683.5     1.436 1.677e-05         0         0         0         0         0         0         0         0  0.001853 0.0001175         0         0         0         0         0         0         0         0         0
         0         0         0         0         0         0         0 0.0001175  0.001853         0         0         0         0         0         0         0         0         0         0         0         0         0         0         0         0     803.9         0         0         0         0         0         0         0         0         0         0         0         0         0 0.0001175  0.001853         0         0         0         0         0         0         0
         0         0         0         0         0         0         0         0         0 0.0001175  0.001853         0         0         0         0         0         0         0         0         0         0         0         0         0         0     2.336         0         0         0         0         0         0         0         0         0         0         0         0         0         0         0 0.0001175  0.001853         0         0         0         0         0
         0         0         0         0         0         0         0         0         0         0         0         0         0         0         0         0         0         0         0         0         0         0         0   0.05594         0 4.438e-05         0         0         0         0         0         0         0         0         0         0         0  1.29e-07  1.29e-07         0         0         0         0         0         0         0         0         0
         0         0         0         0         0         0         0         0         0         0         0         0         0         0         0         0         0         0         0         0         0         0         0         0         0         0         0         0         0         0         0         0         0     7.273         0         0         0         0         0         0         0         0         0         0 1.784e-07         0         0         0
         0         0         0         0         0         0         0         0         0         0         0         0         0         0         0         0         0         0         0         0         0         0         0  0.001139         0         0         0         0         0         0         0         0         0         0         0         0         0         0  0.004906         0         0         0         0         0         0         0         0         0
         0         0         0         0         0         0         0         0         0         0         0         0         0         0         0         0         0         0         0         0         0         0         0  0.001139         0         0         0         0         0         0         0         0         0         0         0         0         0  0.004906         0         0         0         0         0         0         0         0         0         0
         0         0         0         0         0         0         0         0         0         0         0         0         0         0         0         0         0         0         0         0         0         0     1.436         0         0         0         0         0         0         0         0         0         0         0         0         0     1.221         0         0         0         0         0         0 0.0001912         0         0         0         0
         0         0         0         0         0         0         0         0         0         0         0         0         0         0         0         0         0         0         0         0         0         0         0         0         0         0         0         0         0     26.63         0         0         0         0         0     8.554         0         0         0         0         0         0         0         0         0         0         0         0
         0         0         0     303.7         0         0         0         0         0         0         0     303.7         0         0         0         0         0         0         0         0         0         0         0         0         0         0         0         0         0         0         0         0         0         0         0         0   0.01797         0         0         0         0         0         0         0         0         0         0         0
         0         0         0         0         0         0         0         0         0         0         0         0         0         0         0         0         0         0         0     59.94         0         0         0         0         0         0         0         0         0         0         0         0         0      70.5         0         0         0         0         0         0         0         0         0         0         0         0         0         0
         0         0         0         0         0         0         0         0         0         0         0         0         0         0         0         0         0         0         0         0         0         0         0         0         0         0         0         0         0         0         0         0     219.5         0     0.392         0         0         0         0         0         0         0         0         0         0         0         0         0
         0         0         0         0         0     11.83         0         0         0         0         0         0         0         0         0         0         0         0         0         0         0         0         0         0         0       3.8         0         0  9.99e-05         0         0     1.436         0         0         0         0         0         0     97.53         0     683.5         0     1.436         0         0         0         0         0
         0         0         0         0         0         0     11.83         0         0         0         0         0         0         0         0         0         0         0         0         0         0         0         0         0         0    0.2409         0         0  9.99e-05         0     1.436         0         0         0         0         0         0     97.53         0     683.5         0     1.436         0         0         0         0         0         0
         0         0         0         0         0         0         0     11.83         0         0         0         0         0         0         0         0         0         0         0         0         0         0         0         0         0         0    0.2409         0         0         0         0         0         0         0         0         0         0         0     803.9         0     97.53         0         0         0         0         0         0         0
         0         0         0         0         0         0         0         0     11.83         0         0         0         0         0         0         0         0         0         0         0         0         0         0         0         0         0       3.8         0         0         0         0         0         0         0         0         0         0     803.9         0     97.53         0         0         0         0         0         0         0         0
         0         0         0         0         0         0         0         0         0     11.83         0         0         0         0         0         0         0         0         0         0         0         0         0         0         0         0         0    0.2409         0         0         0         0         0         0         0         0         0         0     2.336         0         0         0     97.53         0         0         0         0         0
         0         0         0         0         0         0         0         0         0         0     11.83         0         0         0         0         0         0         0         0         0         0         0         0         0         0         0         0       3.8         0         0         0         0         0         0         0         0         0     2.336         0         0         0     97.53         0         0         0         0         0         0
         0         0         0         0         0         0         0         0         0         0         0         0         0         0         0         0         0         0         0         0         0         0         0         0         0         0         0         0         0         0         0         0    0.1259         0         0         0         0         0         0         0         0         0         0         0     1.221         0         0         0
         0         0         0         0         0         0         0         0         0         0         0         0         0         0         0         0         0         0         0         0         0         0         0  0.004171         0         0         0         0         0   0.00134         0         0         0         0         0         0         0         0         0         0         0         0         0      4.47         0         0         0         0
         0         0         0         0         0         0         0         0         0         0         0         0         0         0         0         0         0         0     1.436         0         0         0         0         0         0         0         0         0         0         0         0         0         0         0         0         0         0         0         0         0         0         0         0         0         0         0     97.53         0
         0         0         0         0         0         0         0         0         0         0         0         0         0         0         0         0         0         0         0     1.436         0         0         0         0         0         0         0         0         0         0         0         0         0         0         0         0         0         0         0         0         0         0         0         0         0     97.53         0     1.436
         0         0         0         0         0         0         0         0         0         0         0         0         0         0         0         0         0         0         0         0     1.436         0         0         0         0         0         0         0         0         0         0         0         0         0         0         0         0         0         0         0         0         0         0         0         0         0     2.336         0
