         0         0 1.677e-05         0 1.565e-08         0         0         0 6.097e-10         0         0         0 5.184e-10 5.184e-10         0         0         0         0         0         0         0         0         0         0         0         0         0         0         0         0         0         0         0         0         0         0         0         0         0         0         0         0         0         0         0         0         0         0         0         0         0         0
         0         0         0         0         0         0         0         0         0  5.22e-05         0         0         0         0  5.22e-05  5.22e-05         0         0         0         0         0         0         0         0         0         0         0         0         0         0         0         0         0         0         0         0         0         0         0         0         0         0         0         0         0         0         0         0         0         0         0         0
     158.7         0         0         0         0         0         0         0         0         0         0         0         0         0         0         0 8.494e-05         0         0         0         0         0         0         0         0         0         0         0         0         0         0         0         0         0         0         0         0         0         0         0         0         0         0         0         0         0         0         0         0         0         0         0
         0         0         0         0     97.53     1.436         0         0         0         0         0         0         0         0         0         0         0         0         0         0         0         0         0         0         0         0         0         0         0         0         0         0         0         0         0         0         0         0         0         0         0         0         0         0         0         0         0         0         0         0         0         0
    0.5423         0         0     97.53         0         0     1.436         0         0         0         0         0         0         0         0         0  0.007982         0         0         0         0         0         0 3.774e-05         0         0         0         0         0         0         0         0         0         0         0         0         0         0         0         0         0         0         0         0         0         0         0         0         0         0         0         0
         0         0         0     2.336         0         0     97.53         0         0         0         0         0         0         0         0         0         0         0         0         0         0         0         0         0         0         0         0         0         0         0         0         0         0         0         0         0         0         0         0         0         0         0         0         0         0         0         0         0         0         0         0         0
         0         0         0         0     2.336     97.53         0         0         0         0         0         0         0         0         0         0         0         0  0.007982         0         0         0         0         0         0         0 3.774e-05         0         0         0         0         0         0         0         0         0         0         0         0         0         0         0         0         0         0         0         0         0         0         0         0         0
         0         0         0         0         0         0         0         0     683.5     1.436         0     134.9         0         0         0         0         0         0         0         0 0.0002248         0         0         0         0  0.001853         0         0         0         0         0         0         0         0         0         0         0         0         0         0         0         0         0         0         0         0         0         0         0         0         0         0
   0.04756         0         0         0         0         0         0     803.9         0         0         0         0         0     134.9         0         0         0         0         0         0         0         0         0         0         0         0         0         0         0         0         0         0         0         0         0         0         0         0         0         0         0         0         0         0         0         0         0         0         0         0         0         0
         0  0.003015         0         0         0         0         0     2.336         0         0         0         0         0         0         0     134.9         0         0         0         0 0.0003658         0         0         0         0         0         0         0  0.001853         0         0         0         0         0         0         0         0         0         0         0         0         0         0         0         0         0         0         0         0         0         0         0
         0         0         0         0         0         0         0         0         0         0         0     97.53     683.5         0     1.436         0         0         0         0         0         0 0.0002248         0         0         0         0         0         0         0         0         0         0         0         0         0         0         0         0         0         0         0         0         0         0         0         0         0         0         0         0         0         0
         0         0         0         0         0         0         0     258.2         0         0     97.53         0         0     683.5         0     1.436         0         0         0         0         0         0 0.0002248         0         0         0         0         0         0         0         0         0         0         0         0         0         0         0         0         0         0         0         0         0         0         0         0         0         0         0         0         0
   0.07738         0         0         0         0         0         0         0         0         0     803.9         0         0     97.53         0         0         0         0         0         0         0         0         0         0         0         0         0         0         0         0         0         0         0         0         0         0         0         0         0         0         0         0         0         0         0         0         0         0         0         0         0         0
   0.07738         0         0         0         0         0         0         0     258.2         0         0     803.9     97.53         0         0         0         0         0         0         0         0         0         0         0         0         0         0         0         0         0         0         0         0         0         0         0         0         0         0         0         0         0         0         0         0         0         0         0         0         0         0         0
         0   0.00577         0         0         0         0         0         0         0         0     2.336         0         0         0         0     97.53         0         0         0         0         0 0.0003658         0         0         0         0         0         0         0         0         0         0         0         0         0         0         0         0         0         0         0         0         0         0         0         0         0         0         0         0         0         0
         0   0.00577         0         0         0         0         0         0         0     258.2         0     2.336         0         0     97.53         0         0         0         0         0         0         0 0.0003658         0         0         0         0         0         0         0         0         0         0         0         0         0         0         0         0         0         0         0         0         0         0         0         0         0         0         0         0         0
         0         0   0.09102         0     2.336         0         0         0         0         0         0         0         0         0         0         0         0     97.53     1.436         0         0         0         0         0         0         0         0         0         0 0.0002248         0         0         0         0         0         0         0         0         0         0         0         0 1.565e-08 8.434e-10         0         0         0         0         0         0         0         0
         0         0         0         0         0         0         0         0         0         0         0         0         0         0         0         0     97.53         0         0         0         0         0         0         0         0         0         0         0         0         0         0         0 0.0004303         0         0 0.0002645         0         0         0         0         0         0         0         0         0         0         0         0         0         0         0         0
         0         0         0         0         0         0     2.336         0         0         0         0         0         0         0         0         0     2.336         0         0     97.53         0         0         0         0         0         0         0         0         0 0.0003658         0         0         0         0         0         0         0         0         0         0         0         0         0         0 1.565e-08 8.434e-10         0         0         0         0         0         0
         0         0         0         0         0         0         0         0         0         0         0         0         0         0         0         0         0         0     97.53         0         0         0         0         0         0         0         0         0         0         0         0         0         0         0 0.0004303         0         0         0 0.0002645         0         0         0         0         0         0         0         0         0         0         0         0         0
         0         0         0         0         0         0         0    0.6378         0    0.6378         0         0         0         0         0         0         0         0         0         0         0         0     134.9         0         0         0         0         0         0         0         0         0         0         0         0         0  0.001853         0         0         0         0         0         0         0         0         0         0         0         0         0         0         0
         0         0         0         0         0         0         0         0         0         0    0.6378         0         0         0    0.6378         0         0         0         0         0         0         0     97.53         0         0         0         0         0         0         0         0         0         0         0         0         0         0         0         0         0         0         0         0         0         0         0         0         0         0         0         0         0
         0         0         0         0         0         0         0         0         0         0         0    0.6378         0         0         0    0.6378         0         0         0         0     258.2     97.53         0         0         0         0         0         0         0         0         0         0         0         0         0         0         0         0         0         0         0         0         0         0         0         0         0         0         0         0         0         0
         0         0         0         0     2.336         0         0         0         0         0         0         0         0         0         0         0         0         0         0         0         0         0         0         0     97.53         0     1.436         0         0         0         0         0         0         0         0         0         0         0         0         0         0         0         0         0         0         0         0         0         0         0         0         0
         0         0         0         0         0         0         0         0         0         0         0         0         0         0         0         0         0         0         0         0         0         0         0     97.53         0         0         0         0         0         0         0         0   0.09102         0         0   0.05594         0         0         0         0         0         0         0         0         0         0         0         0         0         0         0         0
         0         0         0         0         0         0         0      70.5         0         0         0         0         0         0         0         0         0         0         0         0         0         0         0         0         0         0         0         0         0         0         0    0.6378         0         0         0         0         0         0         0         0         0         0         0         0         0         0         0         0         0         0         0         0
         0         0         0         0         0         0     2.336         0         0         0         0         0         0         0         0         0         0         0         0         0         0         0         0     2.336         0         0         0     97.53         0         0         0         0         0         0         0         0         0         0         0         0         0         0         0         0         0         0         0         0         0         0         0         0
         0         0         0         0         0         0         0         0         0         0         0         0         0         0         0         0         0         0         0         0         0         0         0         0         0         0     97.53         0         0         0         0         0         0         0   0.09102         0         0         0         0         0         0         0         0         0         0         0         0         0         0         0         0         0
         0         0         0         0         0         0         0         0         0      70.5         0         0         0         0         0         0         0         0         0         0         0         0         0         0         0         0         0         0         0         0         0         0         0     2.747         0         0 0.0003658         0         0         0         0         0         0         0 2.319e-05         0         0         0         0         0         0         0
         0         0         0         0         0         0         0         0         0         0         0         0         0         0         0         0    0.6378         0    0.6378         0         0         0         0         0         0         0         0         0         0         0     97.53         0         0         0         0         0         0         0         0         0         0         0         0         0         0         0         0         0         0         0         0 1.565e-08
         0         0         0         0         0         0         0         0         0         0         0         0         0         0         0         0         0         0         0         0         0         0         0         0         0         0         0         0         0     97.53         0         0         0         0         0         0         0         0         0         0         0         0         0         0         0         0         0 0.0004303 0.0002645         0         0         0
         0         0         0         0         0         0         0         0         0         0         0         0         0         0         0         0         0         0         0         0         0         0         0         0         0     59.94         0         0         0         0         0         0         0         0         0         0         0     16.37         0         0         0         0         0         0         0         0         0         0         0         0         0         0
         0         0         0         0         0         0         0         0         0         0         0         0         0         0         0         0         0     10.06         0         0         0         0         0         0     10.06         0         0         0         0         0         0         0         0         0     1.436     31.32         0         0         0         0         0         0         0         0         0         0         0 0.0002248         0         0         0         0
         0         0         0         0         0         0         0         0         0         0         0         0         0         0         0         0         0         0         0         0         0         0         0         0         0         0         0         0     258.2         0         0         0         0         0         0         0         0         0         0     16.37         0         0         0         0         0         0         0         0         0         0         0         0
         0         0         0         0         0         0         0         0         0         0         0         0         0         0         0         0         0         0         0     10.06         0         0         0         0         0         0         0     10.06         0         0         0         0     2.336         0         0         0         0         0     31.32         0         0         0         0         0         0         0         0 0.0003658         0         0         0         0
         0         0         0         0         0         0         0         0         0         0         0         0         0         0         0         0         0     134.9         0         0         0         0         0         0     134.9         0         0         0         0         0         0         0     683.5         0         0         0         0         0     1.436         0         0         0  0.007982         0         0         0         0         0 0.0002248         0         0         0
         0         0         0         0         0         0         0         0         0         0         0         0         0         0         0         0         0         0         0         0      70.5         0         0         0         0         0         0         0    0.6378         0         0         0         0         0         0         0         0         0         0         0         0         0         0         0         0         0    0.6378         0         0         0         0 2.319e-05
         0         0         0         0         0         0         0         0         0         0         0         0         0         0         0         0         0         0         0         0         0         0         0         0         0         0         0         0         0         0         0     494.1         0         0         0         0         0         0         0    0.7502     31.32         0         0         0         0         0         0         0         0 0.0001175         0         0
         0         0         0         0         0         0         0         0         0         0         0         0         0         0         0         0         0         0         0     134.9         0         0         0         0         0         0         0         0         0         0         0         0         0         0     683.5     2.336         0         0         0         0         0         0         0         0  0.007982         0         0         0 0.0003658         0         0         0
         0         0         0         0         0         0         0         0         0         0         0         0         0         0         0         0         0         0         0         0         0         0         0         0         0         0         0         0         0         0         0         0         0     494.1         0         0         0     1.221         0         0         0     31.32         0         0         0         0         0         0         0 0.0001912         0         0
         0         0         0         0         0         0         0         0         0         0         0         0         0         0         0         0         0         0         0         0         0         0         0         0         0         0         0         0         0         0         0         0         0         0         0         0         0     97.53         0         0         0     1.436    0.6378         0         0         0         0         0         0         0 0.0002248         0
         0         0         0         0         0         0         0         0         0         0         0         0         0         0         0         0         0         0         0         0         0         0         0         0         0         0         0         0         0         0         0         0         0         0         0         0         0         0         0     97.53     2.336         0         0         0    0.6378         0         0         0         0         0 0.0003658         0
         0         0         0         0         0         0         0         0         0         0         0         0         0         0         0         0    0.1259         0         0         0         0         0         0         0         0         0         0         0         0         0         0         0         0         0         0    0.1259         0         0         0         0     2.336         0         0     43.33     1.436         0         0         0         0         0         0 0.0002248
         0         0         0         0         0         0         0         0         0         0         0         0         0         0         0         0   0.01104         0         0         0         0         0         0         0         0         0         0         0         0         0         0         0         0         0         0         0         0         0         0         0         0         0      70.5         0         0     1.436         0         0         0         0         0         0
         0         0         0         0         0         0         0         0         0         0         0         0         0         0         0         0         0         0    0.1259         0         0         0         0         0         0         0         0         0    0.7502         0         0         0         0         0         0         0         0         0    0.1259         0         0     2.336     2.336         0         0     43.33         0         0         0         0         0 0.0003658
         0         0         0         0         0         0         0         0         0         0         0         0         0         0         0         0         0         0   0.01104         0         0         0         0         0         0         0         0         0         0         0         0         0         0         0         0         0         0         0         0         0         0         0         0     2.336      70.5         0         0         0         0         0         0         0
         0         0         0         0         0         0         0         0         0         0         0         0         0         0         0         0         0         0         0         0         0         0         0         0         0         0         0         0         0         0         0         0         0         0         0         0     59.94         0         0         0         0         0         0         0         0         0         0         0         0     16.37         0         0
         0         0         0         0         0         0         0         0         0         0         0         0         0         0         0         0         0         0         0         0         0         0         0         0         0         0         0         0         0         0     10.06         0    0.6378         0    0.6378         0         0         0         0         0         0         0         0         0         0         0         0         0     31.32         0         0         0
         0         0         0         0         0         0         0         0         0         0         0         0         0         0         0         0         0         0         0         0         0         0         0         0         0         0         0         0         0         0     134.9         0         0         0         0    0.6378         0         0    0.6378         0         0         0         0         0         0         0         0     683.5         0         0         0  0.007982
         0         0         0         0         0         0         0         0         0         0         0         0         0         0         0         0         0         0         0         0         0         0         0         0         0         0         0         0         0         0         0         0         0         0         0         0         0    0.3333         0    0.3333         0         0         0         0         0         0     494.1         0         0         0     31.32         0
         0         0         0         0         0         0         0         0         0         0         0         0         0         0         0         0         0         0         0         0         0         0         0         0         0         0         0         0         0         0         0         0         0         0         0         0         0         0         0         0    0.6378    0.6378         0         0         0         0         0         0         0     97.53         0    0.6378
         0         0         0         0         0         0         0         0         0         0         0         0         0         0         0         0         0         0         0         0         0         0         0         0         0         0         0         0         0    0.1259         0         0         0         0         0         0    0.7502         0         0         0         0         0    0.6378         0    0.6378         0         0         0    0.1259         0     2.336         0
