         0     8.554         0         0         0 1.972e-05         0         0         0         0         0         0         0         0         0         0         0         0         0         0         0         0         0         0         0         0         0         0         0
     494.1         0         0         0  0.001139         0         0         0         0         0         0         0         0         0         0         0         0         0         0         0         0         0         0         0         0         0         0         0         0
         0         0         0     97.53     683.5         0         0         0         0         0         0         0         0  0.001853         0         0         0         0         0         0         0         0         0         0         0         0         0         0         0
         0         0     97.53         0         0     683.5         0         0         0         0         0         0         0         0         0         0         0         0         0         0         0         0         0         0         0         0         0         0         0
         0    0.3333     803.9         0         0     97.53         0         0         0         0         0         0         0         0         0         0         0         0         0         0         0         0         0         0         0         0         0         0         0
    0.3333         0         0     803.9     97.53         0         0         0         0         0         0         0         0         0         0         0         0         0         0         0         0         0         0         0         0         0         0         0         0
         0         0         0         0         0         0         0     1.436         0         0         0   0.01528         0         0 0.0002248         0         0         0         0         0         0         0         0         0 8.434e-10         0         0         0         0
         0         0         0         0         0         0     2.336         0         0         0         0         0         0         0 0.0003658         0         0         0         0         0         0         0         0         0         0 8.434e-10         0         0         0
         0         0         0         0         0         0         0         0         0     97.53     1.436         0     22.64         0         0    0.2409         0         0         0         0         0         0         0         0         0         0         0         0         0
         0         0         0         0         0         0         0         0     97.53         0         0     22.64         0         0         0         0         0         0         0         0         0         0         0         0         0         0         0         0         0
         0         0         0         0         0         0         0         0     2.336         0         0         0         0         0         0         0    0.2409         0         0         0         0         0         0         0         0         0         0         0         0
         0         0         0         0         0         0    0.6378         0         0     97.53         0         0     97.53         0         0         0         0         0         0         0 0.0002645         0         0         0         0         0         0         0         0
         0         0         0         0         0         0         0         0     97.53         0         0     97.53         0         0         0    0.2409         0         0         0         0         0         0         0         0         0         0         0         0         0
         0         0      70.5         0         0         0         0         0         0         0         0         0         0         0         0 0.0001382         0     2.747         0         0         0         0         0         0         0         0         0         0         0
         0         0         0         0         0         0    0.6378    0.6378         0         0         0         0         0         0         0         0         0         0         0         0         0         0         0         0         0         0         0         0 8.434e-10
         0         0         0         0         0         0         0         0     82.92         0         0         0     19.25 0.0009685         0         0     1.436         0         0         0         0 0.0001382         0         0         0         0         0         0         0
         0         0         0         0         0         0         0         0         0         0     82.92         0         0         0         0     2.336         0         0   0.00218         0         0         0         0         0         0         0         0         0         0
         0         0         0         0         0         0         0         0         0         0         0         0         0     258.2         0         0         0         0         0         0         0     16.37         0         0         0         0         0         0         0
         0         0         0         0         0         0         0         0         0         0         0         0         0         0         0         0   0.03438         0         0     97.53         0   0.04756         0     1.221         0         0 7.449e-06         0         0
         0         0         0         0         0         0         0         0         0         0         0         0         0         0         0         0         0         0     97.53         0         0         0         0         0         0         0         0         0         0
         0         0         0         0         0         0         0         0         0         0         0     1.436         0         0         0         0         0         0         0         0         0         0         0         0 0.0001912         0         0         0         0
         0         0         0         0         0         0         0         0         0         0         0         0         0         0         0   0.05594         0     494.1    0.7502         0         0         0     31.32         0         0         0 0.0001175         0         0
         0         0         0         0         0         0         0         0         0         0         0         0         0         0         0         0         0         0         0         0         0     97.53         0     1.436    0.3333         0         0 0.0002248         0
         0         0         0         0         0         0         0         0         0         0         0         0         0         0         0         0         0         0     97.53         0         0         0     2.336         0         0    0.3333         0 0.0003658         0
         0         0         0         0         0         0    0.1259         0         0         0         0         0         0         0         0         0         0         0         0         0    0.1259         0     11.83         0         0     1.436         0         0 0.0002248
         0         0         0         0         0         0         0    0.1259         0         0         0         0         0         0         0         0         0         0         0         0         0         0         0     11.83     2.336         0         0         0 0.0003658
         0         0         0         0         0         0         0         0         0         0         0         0         0         0         0         0         0         0    0.6378         0         0    0.6378         0         0         0         0         0     59.94         0
         0         0         0         0         0         0         0         0         0         0         0         0         0         0         0         0         0         0         0         0         0         0    0.6378    0.6378         0         0     97.53         0    0.3333
         0         0         0         0         0         0         0         0         0         0         0         0         0         0    0.1259         0         0         0         0         0         0         0         0         0    0.6378    0.6378         0     11.83         0
