         0     1.436     16.37         0 0.0002248         0         0         0         0         0         0
     2.336         0         0     16.37 0.0003658         0         0         0         0         0         0
     158.7         0         0     1.436         0 0.0002248         0         0         0         0         0
         0     158.7     2.336         0         0 0.0003658         0         0         0         0         0
    0.6378    0.6378         0         0         0     16.37         0  0.006787   0.01299         0   0.01299
         0         0    0.6378    0.6378     158.7         0   0.04756         0     0.392         0         0
         0         0         0         0         0    0.6378         0         0     1.038     26.63         0
         0         0         0         0     1.986         0         0         0         0     59.94     1.038
         0         0         0         0       3.8     11.83     2.336         0         0         0     26.63
         0         0         0         0         0         0     134.9     134.9         0         0         0
         0         0         0         0     8.554         0         0     2.336     59.94         0         0
