         0         0 6.334e-06         0         0         0         0         0         0         0         0
         0         0  0.001853         0   0.00218         0         0         0  1.03e-05         0         0
 1.426e-05  0.003547         0         0         0         0 0.0009685 0.0008234         0         0         0
         0         0         0         0         0    0.2049 0.0002645         0         0         0         0
         0     8.554         0         0         0         0     1.986         0         0         0         0
         0         0         0     219.5         0         0         0         0         0 0.0002645         0
         0         0     258.2    0.3333     258.2         0         0         0         0    0.2049         0
         0         0     258.2         0         0         0         0         0         0    0.2409         0
         0     803.9         0         0         0         0         0         0         0         0   0.00577
         0         0         0         0         0    0.3333     219.5     219.5         0         0         0
         0         0         0         0         0         0         0         0     1.221         0         0
