All entries:
header		length	d_nat_sub	d_nat_tend	d_nat_tend_rev	d_sub_tend	d_sub_tend_rev
PDB_00004	41		1.06		0.00		0.00			1.06		1.06
PDB_00030	120		58.32		38.71		57.36			57.40		14.67
PDB_00032	43		0.73		0.02		0.30			0.74		0.95
PDB_00033	43		0.73		0.02		0.30			0.74		0.95
PDB_00045	76		26.20		21.99		21.74			10.07		10.38
PDB_00052	76		26.20		21.99		21.74			10.07		10.38
PDB_00070	76		11.41		11.01		18.90			1.05		12.98
PDB_00095	75		22.47		15.14		14.68			17.41		17.84
PDB_00136	70		7.68		7.85		9.00			3.15		2.34
PDB_00158	42		0.08		0.00		0.00			0.08		0.08
PDB_00183	55		0.61		31.13		0.47			31.69		1.08
PDB_00185	77		4.79		0.15		6.74			4.90		8.73
PDB_00186	77		4.79		0.15		6.74			4.90		8.73
PDB_00213	101		1.21		0.00		0.38			1.21		1.47
PDB_00222	76		26.20		21.99		21.74			10.07		10.38
PDB_00223	76		26.20		21.99		21.74			10.07		10.38
PDB_00229	75		3.21		0.03		24.00			3.24		26.10
PDB_00244	73		17.32		17.24		17.48			2.69		2.67
PDB_00259	72		17.32		17.25		17.48			2.67		2.67
PDB_00279	76		26.20		21.99		21.74			10.07		10.38
PDB_00280	76		26.20		21.99		21.74			10.07		10.38
PDB_00281	76		26.20		21.99		21.74			10.07		10.38
PDB_00313	74		14.14		13.27		13.17			5.11		5.20
PDB_00343	57		14.33		24.58		7.92			18.10		10.22
PDB_00347	49		0.73		0.00		0.30			0.73		0.95
PDB_00362	76		1.50		2.00		2.14			1.34		1.52
PDB_00373	72		8.16		10.02		6.95			3.91		4.96
PDB_00374	73		8.16		10.02		6.95			3.91		4.96
PDB_00376	73		10.96		11.00		11.00			4.31		4.31
PDB_00392	76		14.62		10.54		12.01			4.95		5.74
PDB_00393	73		11.71		10.54		9.96			2.21		1.87
PDB_00394	57		14.33		24.58		7.92			18.10		10.22
PDB_00402	75		33.09		28.99		36.37			33.02		44.04
PDB_00425	74		6.06		1.94		1.94			6.92		6.92
PDB_00426	74		6.06		1.94		1.94			6.92		6.92
PDB_00430	81		12.74		11.39		15.30			2.35		13.55
PDB_00431	67		8.94		8.05		8.04			2.63		2.57
PDB_00432	67		8.94		8.05		8.04			2.63		2.57
PDB_00439	49		0.73		0.00		0.30			0.73		0.95
PDB_00474	74		23.72		2.94		16.06			25.59		28.71
PDB_00522	48		13.00		13.00		13.00			0.00		0.00
PDB_00535	57		14.33		24.58		7.92			18.10		10.22
PDB_00542	126		27.42		34.67		31.00			21.77		14.75
PDB_00547	97		18.16		2.38		22.59			19.56		39.30
PDB_00565	128		28.36		28.14		28.00			20.76		20.45
PDB_00584	55		14.76		16.86		13.46			22.15		15.05
PDB_00620	74		6.06		1.94		1.94			6.92		6.92
PDB_00621	74		6.06		1.94		1.94			6.92		6.92
PDB_00627	58		6.10		6.13		6.01			0.62		0.53
PDB_00667	76		10.19		8.56		8.61			3.63		3.84
PDB_00669	74		6.06		1.94		1.94			6.92		6.92
PDB_00670	74		6.06		1.94		1.94			6.92		6.92
PDB_00671	74		6.06		1.94		1.94			6.92		6.92
PDB_00672	74		6.06		1.94		1.94			6.92		6.92
PDB_00673	75		33.09		28.99		36.37			33.02		44.04
PDB_00674	75		33.09		28.99		36.37			33.02		44.04
PDB_00693	49		1.01		0.00		0.38			1.01		1.35
PDB_00742	74		7.35		8.08		8.00			3.35		3.21
PDB_00748	101		1.21		0.00		0.38			1.21		1.47
PDB_00750	155		15.72		26.06		45.39			26.86		49.66
PDB_00810	47		5.61		0.62		0.62			5.99		5.99
PDB_00876	45		0.92		31.92		0.00			31.90		0.92
PDB_00879	101		5.62		0.01		42.89			5.63		45.13
PDB_00885	41		1.01		0.00		0.00			1.01		1.01
PDB_00901	74		6.06		1.94		1.94			6.92		6.92
PDB_00903	76		19.83		0.81		0.03			19.98		19.85
PDB_00926	72		7.43		10.00		10.00			4.11		4.10
PDB_00932	41		6.18		6.49		6.49			7.42		7.42
PDB_00999	70		17.92		9.59		9.23			12.99		12.11
PDB_01001	66		18.61		26.25		31.98			14.68		15.64
PDB_01002	75		7.43		10.11		10.00			4.21		4.11
PDB_01011	71		0.91		0.00		0.01			0.91		0.92
PDB_01012	71		0.91		0.00		0.01			0.91		0.92
PDB_01051	43		5.10		6.27		6.26			2.22		2.21
PDB_01053	53		8.50		0.78		0.26			8.73		8.53
PDB_01100	55		5.05		7.29		25.86			3.02		26.31
PDB_01111	75		18.32		22.00		19.79			5.81		5.83
PDB_01112	75		14.09		18.87		18.45			13.21		13.28
PDB_01113	75		18.32		22.00		19.79			5.81		5.83
PDB_01114	76		13.77		18.87		18.32			13.13		13.22
PDB_01115	74		5.87		2.46		2.46			5.75		5.75
PDB_01116	69		12.60		6.05		9.67			6.72		8.46
PDB_01117	40		2.71		10.64		16.23			12.21		17.28
PDB_01118	57		1.02		0.00		0.00			1.03		1.02
PDB_01128	75		4.93		3.86		5.47			7.45		8.71
PDB_01134	76		1.50		2.00		2.14			1.34		1.52
PDB_01146	58		6.10		6.13		6.01			0.62		0.53
PDB_01160	65		25.43		24.03		24.00			1.53		1.45
PDB_01162	56		15.82		15.16		15.92			2.39		3.54
PDB_01163	46		0.00		0.00		0.00			0.00		0.00
PDB_01208	49		0.73		0.01		0.00			0.74		0.73
PDB_01209	49		0.73		3.02		0.30			3.62		0.95
PDB_01210	49		0.95		0.13		0.30			1.07		1.18
PDB_01211	49		0.73		0.00		0.00			0.73		0.73
PDB_01212	49		0.97		0.05		0.45			1.01		1.35
PDB_01213	47		7.22		7.47		0.30			10.91		7.38
PDB_01214	49		0.73		2.27		1.95			2.90		2.60
PDB_01215	49		0.73		0.03		0.30			0.76		0.95
PDB_01216	49		0.73		0.03		0.30			0.75		0.95
PDB_01217	49		0.73		0.00		0.00			0.73		0.73
PDB_01218	49		0.73		0.01		0.01			0.73		0.73
PDB_01236	153		32.88		20.77		20.07			21.04		23.90
PDB_01255	159		23.72		20.45		21.33			12.84		14.09
PDB_01258	74		6.06		1.94		1.94			6.92		6.92
PDB_01259	74		6.06		1.94		1.94			6.92		6.92
normal+5 < subopt:
header		length	d_nat_sub	d_nat_tend	d_nat_tend_rev	d_sub_tend	d_sub_tend_rev
PDB_00030	120		58.32		38.71		57.36			57.40		14.67
PDB_00095	75		22.47		15.14		14.68			17.41		17.84
PDB_00474	74		23.72		2.94		16.06			25.59		28.71
PDB_00547	97		18.16		2.38		22.59			19.56		39.30
PDB_00879	101		5.62		0.01		42.89			5.63		45.13
PDB_00903	76		19.83		0.81		0.03			19.98		19.85
PDB_00999	70		17.92		9.59		9.23			12.99		12.11
PDB_01053	53		8.50		0.78		0.26			8.73		8.53
PDB_01116	69		12.60		6.05		9.67			6.72		8.46
PDB_01236	153		32.88		20.77		20.07			21.04		23.90
c_normal=10, c_reversed=10
normal+5 < reversed:
header		length	d_nat_sub	d_nat_tend	d_nat_tend_rev	d_sub_tend	d_sub_tend_rev
PDB_00030	120		58.32		38.71		57.36			57.40		14.67
PDB_00070	76		11.41		11.01		18.90			1.05		12.98
PDB_00185	77		4.79		0.15		6.74			4.90		8.73
PDB_00186	77		4.79		0.15		6.74			4.90		8.73
PDB_00229	75		3.21		0.03		24.00			3.24		26.10
PDB_00402	75		33.09		28.99		36.37			33.02		44.04
PDB_00474	74		23.72		2.94		16.06			25.59		28.71
PDB_00547	97		18.16		2.38		22.59			19.56		39.30
PDB_00673	75		33.09		28.99		36.37			33.02		44.04
PDB_00674	75		33.09		28.99		36.37			33.02		44.04
PDB_00750	155		15.72		26.06		45.39			26.86		49.66
PDB_00879	101		5.62		0.01		42.89			5.63		45.13
PDB_01001	66		18.61		26.25		31.98			14.68		15.64
PDB_01100	55		5.05		7.29		25.86			3.02		26.31
PDB_01117	40		2.71		10.64		16.23			12.21		17.28
c_normal=15, c_reversed=6, c_tie=84
