         0      70.5     16.37     2.336         0    0.3333         0         0         0         0         0         0         0         0         0
     82.92         0     22.64         0         0         0         0         0         0         0         0         0         0         0         0
     22.64     26.63         0     3.231         0       3.8         0         0  6.14e-05         0 0.0008234 1.677e-05         0         0 3.774e-05
     5.257         0     5.257         0         0     1.986    0.8823  0.000311  9.99e-05 0.0007001         0         0         0         0  0.000311
         0         0         0         0         0         0     186.6         0         0         0         0         0         0         0         0
     1.986         0     16.37     5.257         0         0         0         0 0.0002645         0         0         0         0         0         0
         0         0         0     2.747     494.1         0         0         0         0         0         0         0         0         0         0
         0         0         0  0.004906         0         0         0         0     1.038     420.1         0         0         0         0   0.02923
         0         0  0.001853  0.001853         0  0.001853         0     1.221         0         0     420.1     11.83         0     36.84         0
         0         0         0   0.01797         0         0         0     683.5         0         0     1.038         0     0.392         0         0
         0         0   0.04044         0         0         0         0         0     683.5     1.221         0         0     11.83         0         0
         0         0  0.001853         0         0         0         0         0     43.33         0         0         0     420.1         0     3.231
         0         0         0         0         0         0         0         0         0     1.689     43.33     683.5         0         0         0
         0         0         0         0         0         0         0         0     581.1         0         0         0         0         0     50.97
         0         0   0.04756    0.2409         0         0         0     1.436         0         0         0     36.84         0     134.9         0
