         0         0         0    0.8823   0.01104   0.07738    0.1481         0         0 0.0007001
         0         0      70.5         0         0         0     43.33         0         0         0
         0     82.92         0         0         0         0         0     43.33         0         0
     2.747         0         0         0         0   0.04756     8.554     10.06         0  0.003547
   0.04044         0         0         0         0     420.1         0         0     36.84         0
    0.4611         0         0   0.09102     683.5         0         0         0         0         0
    0.8823     134.9         0     16.37         0         0         0      70.5         0         0
         0         0     134.9     22.64         0         0     82.92         0         0         0
         0         0         0         0     581.1         0         0         0         0     0.107
    0.7502         0         0     1.221         0         0         0         0     1.986         0
