         0    0.8823    0.4611         0    0.8823         0         0         0    0.2409         0         0         0         0         0
    0.8823         0         0      70.5     16.37     134.9         0         0         0     16.37         0         0         0         0
    0.4611         0         0         0     5.257         0         0         0     36.84         0         0         0         0         0
         0     82.92         0         0     22.64         0     134.9         0         0         0         0         0         0         0
     1.221     22.64     7.273     26.63         0         0         0     7.273         0         0         0         0         0 0.0004303
         0     258.2         0         0         0         0      70.5         0         0         0         0         0         0         0
         0         0         0     258.2         0     82.92         0         0         0         0         0         0         0         0
         0         0         0         0     16.37         0         0         0         0         0     36.84         0         0         0
       3.8         0     581.1         0         0         0         0         0         0         0         0     0.392         0         0
         0     357.2         0         0         0         0         0         0         0         0     7.273         0         0  0.006787
         0         0         0         0         0         0         0     581.1         0     16.37         0         0     0.392         0
         0         0         0         0         0         0         0         0     2.747         0         0         0     420.1         0
         0         0         0         0         0         0         0         0         0         0     1.436     683.5         0     16.37
         0         0         0         0    0.1481         0         0         0         0    0.1481         0         0     43.33         0
