         0      70.5     5.257  5.22e-05         0         0         0         0         0         0         0         0         0         0
     82.92         0     6.183  6.14e-05         0         0         0         0         0         0         0         0         0         0
     36.84     36.84         0 0.0003658         0         0         0         0         0         0         0         0         0         0
    0.3333    0.3333    0.3333         0    0.8823         0         0  0.000311         0 0.0007001         0         0         0         0
         0         0         0     5.257         0         0         0         0         0         0      70.5         0         0         0
         0         0         0         0         0         0    0.4611         0         0         0     2.747    0.4611         0         0
         0         0         0         0         0    0.4611         0    0.1481         0         0         0     43.33         0         0
         0         0         0  0.004906         0         0    0.2049         0         0     420.1         0         0    0.3175         0
         0         0         0         0         0         0         0         0         0         0     186.6         0         0         0
         0         0         0   0.01797         0         0         0     683.5         0         0         0         0         0    0.3175
         0         0         0         0     581.1     11.83         0         0     494.1         0         0         0         0         0
         0         0         0         0         0     5.257     494.1         0         0         0         0         0     5.257         0
         0         0         0         0         0         0         0      5.89         0         0         0     11.83         0     420.1
         0         0         0         0         0         0         0         0         0      5.89         0         0     683.5         0
