         0 0.0002248 0.0001382 0.0002248         0 1.972e-05         0         0         0         0         0         0         0         0         0 9.617e-09         0         0
     2.747         0         0     2.747   0.04756         0         0 0.0003542         0     2.747         0         0         0         0         0         0         0         0
     6.183         0         0     31.32         0         0         0         0         0         0         0         0         0         0         0         0         0         0
     22.64     22.64      70.5         0         0         0         0         0         0         0         0         0         0         0         0 0.0009685         0 2.233e-09
         0    0.7502         0         0         0         0         0     1.689     1.689         0         0   0.01299      4.47         0         0         0         0         0
      4.47         0         0         0         0         0       3.8         0         0         0         0         0         0         0         0         0         0         0
         0         0         0         0         0     8.554         0         0         0         0         0     0.107         0         0         0         0         0         0
         0   0.01739         0         0     5.257         0         0         0     420.1         0    0.2834   0.02113         0         0     1.436         0         0 0.0001382
         0         0         0         0     8.554         0         0     683.5         0         0         0         0         0         0         0         0         0         0
         0     581.1         0         0         0         0         0         0         0         0         0         0         0         0         0   0.02485         0         0
         0         0         0         0         0         0         0     1.689         0         0         0         0         0      4.47         0         0         0         0
         0         0         0         0    0.8823         0     2.747    0.4611         0         0         0         0         0         0         0         0    0.4611         0
         0         0         0         0     420.1         0         0         0         0         0         0         0         0      70.5         0         0         0         0
         0         0         0         0         0         0         0         0         0         0     50.97         0     158.7         0         0     0.392         0         0
         0         0         0         0         0         0         0     186.6         0         0         0         0         0         0         0         0         0   0.01797
     1.038         0         0     1.038         0         0         0         0         0     1.038         0         0         0     1.038         0         0         0 1.972e-05
         0         0         0         0         0         0         0         0         0         0         0      4.47         0         0         0         0         0   0.02923
         0         0         0 3.774e-05         0         0         0     0.392         0         0         0         0         0         0     0.392  0.000311     0.392         0
