         0    0.8823    0.4611         0    0.8823    0.4611         0         0         0         0         0         0    0.2409         0
    0.8823         0         0      70.5     16.37         0     134.9         0         0         0         0         0         0         0
    0.4611         0         0         0     5.257     420.1         0         0         0         0         0         0     36.84         0
         0     82.92         0         0     22.64         0         0     134.9         0         0         0         0         0         0
     1.221     22.64     7.273     26.63         0     7.273         0         0         0         0         0         0         0         0
    0.7502         0     683.5         0     8.554         0         0         0         0         0         0         0         0     36.84
         0     258.2         0         0         0         0         0      70.5         0         0         0         0         0         0
         0         0         0     258.2         0         0     82.92         0         0         0         0         0         0         0
         0         0         0         0         0         0         0         0         0     36.84     420.1         0   0.07738         0
         0         0         0         0         0         0         0         0     50.97         0         0     420.1     0.107         0
         0         0         0         0         0         0         0         0     683.5         0         0     36.84         0         0
         0         0         0         0         0         0         0         0         0     683.5     50.97         0         0     0.107
       3.8         0     581.1         0         0         0         0         0     0.392     0.392         0         0         0         0
         0         0         0         0         0     581.1         0         0         0         0         0     0.392         0         0
