         0  0.000311   0.07738   0.00134         0         0         0         0         0         0         0         0         0         0         0         0
     2.336         0         0     31.32         0         0         0         0         0         0         0 0.0004303         0         0         0         0
     945.5         0         0         0         0         0         0         0         0         0         0 0.0007001         0         0         0         0
     22.64      70.5         0         0         0         0         0         0         0         0         0 0.0009685         0         0         0         0
         0         0         0         0         0     36.84         0         0   0.01299      4.47         0         0         0         0         0         0
         0         0         0         0     59.94         0         0     7.273   0.02113         0         0         0         0         0         0         0
         0         0         0         0         0         0         0         0    0.6378         0         0         0         0    0.7502         0         0
         0         0         0         0         0     82.92         0         0         0         0      4.47         0         0         0         0         0
         0         0         0         0    0.4611    0.4611     2.747         0         0         0         0         0      4.47         0    0.2409         0
         0         0         0         0     420.1         0         0         0         0         0      70.5         0         0         0         0         0
         0         0         0         0         0         0         0     50.97         0     158.7         0     0.392         0         0         0         0
         0     1.038     1.038     1.038         0         0         0         0         0         0    0.5423         0    0.8823         0    0.8823  0.000311
         0         0         0         0         0         0         0         0     50.97         0         0     1.221         0         0         0         0
         0         0         0         0         0         0     50.97         0         0         0         0         0         0         0       3.8         0
         0         0         0         0         0         0         0         0     11.83         0         0     5.257         0     11.83         0         0
         0         0         0         0         0         0         0         0         0         0         0  0.004906         0         0         0         0
