         0     1.221         0     1.221         0    0.8823     1.986         0  0.000311 0.0007001 2.319e-05         0         0         0
     2.336         0      70.5     16.37         0         0    0.3333         0         0         0         0         0         0         0
         0     82.92         0     22.64         0         0         0         0         0         0         0         0         0         0
     3.231     22.64     26.63         0         0         0       3.8         0         0         0  6.14e-05 0.0008234 1.677e-05         0
         0         0         0         0         0         0         0     186.6         0         0         0         0         0         0
     5.257         0         0         0         0         0         0     258.2         0         0         0         0         0         0
     22.64     1.986         0     16.37         0         0         0         0         0         0 0.0002645         0         0         0
         0         0         0         0     494.1     581.1         0         0         0         0         0         0         0         0
  0.004906         0         0         0         0         0         0         0         0     420.1    0.2409         0    0.2049         0
   0.01797         0         0         0         0         0         0         0     683.5         0         0    0.2409         0    0.2049
  0.001853         0         0  0.001853         0         0  0.001853         0     1.221         0         0     420.1     11.83         0
         0         0         0   0.04044         0         0         0         0         0     1.221     683.5         0         0     11.83
         0         0         0  0.001853         0         0         0         0       3.8         0     43.33         0         0     420.1
         0         0         0         0         0         0         0         0         0       3.8         0     43.33     683.5         0
