         0      70.5 0.0001625         0         0         0         0         0         0         0         0         0         0         0         0         0         0
     82.92         0 0.0001912         0         0         0         0         0         0         0         0         0         0         0         0         0         0
    0.1742    0.1742         0    0.8823  0.000311         0    0.1259 0.0007001   0.01104         0         0         0         0         0         0         0         0
         0         0     5.257         0         0     1.689    0.4611         0         0         0         0         0         0     11.83         0         0         0
         0         0  0.004906         0         0         0         0     420.1         0         0    0.2049         0         0         0         0   0.09102         0
         0         0         0      4.47         0         0    0.4611         0    0.4611     158.7         0         0      4.47         0         0         0         0
         0         0     2.747     1.689         0    0.6378         0    0.1742     36.84    0.1481     11.83         0         0         0         0         0         0
         0         0   0.01797         0     683.5         0    0.2049         0         0         0         0         0         0         0         0         0   0.09102
         0         0     0.392         0         0     1.038     59.94         0         0    0.2409     19.25         0         0         0         0         0         0
         0         0         0         0         0     683.5    0.4611         0    0.4611         0    0.4611         0         0     2.747    0.4611         0         0
         0         0         0         0    0.8823         0     36.84         0     36.84    0.4611         0         0         0         0     43.33         0         0
         0         0         0         0         0         0         0         0         0         0         0         0         0     186.6         0         0         0
         0         0         0         0         0     50.97         0         0         0         0         0         0         0     158.7         0         0         0
         0         0         0     581.1         0         0         0         0         0     11.83         0     494.1     258.2         0         0         0         0
         0         0         0         0         0         0         0         0         0     5.257     494.1         0         0         0         0     5.257         0
         0         0         0         0     10.06         0         0         0         0         0         0         0         0         0     11.83         0     420.1
         0         0         0         0         0         0         0     10.06         0         0         0         0         0         0         0     683.5         0
