         0 0.0009685  0.004171         0         0         0         0         0 3.414e-07         0         0         0
     1.221         0     31.32         0         0         0         0         0 0.0004303         0         0         0
     11.83      70.5         0         0         0         0         0         0 0.0009685         0         0         0
         0         0         0         0     36.84   0.01299         0         0 0.0004303         0         0         0
         0         0         0     59.94         0   0.02113         0     1.221         0         0         0         0
         0         0         0    0.4611    0.4611         0     2.747         0     0.107         0    0.2409         0
         0         0         0         0         0       3.8         0         0         0      4.47         0         0
         0         0         0         0     82.92         0         0         0   0.03438         0         0         0
     1.038     1.038     1.038    0.1259         0    0.8823         0   0.09102         0         0    0.8823  0.000311
         0         0         0         0         0         0     50.97         0         0         0       3.8         0
         0         0         0         0         0     11.83         0         0     5.257     11.83         0         0
         0         0         0         0         0         0         0         0  0.004906         0         0         0
