         0      70.5    0.5423       3.8     5.257         0         0         0         0         0         0         0         0
     82.92         0         0     5.257     6.183         0         0         0         0         0         0         0         0
     1.221         0         0     1.221         0         0    0.8823         0  0.000311 0.0007001         0 2.319e-05         0
     22.64     26.63     3.231         0     357.2         0         0         0         0         0 0.0004303  6.14e-05 0.0008234
     36.84     36.84         0     420.1         0         0         0         0         0         0         0         0         0
         0         0         0         0         0         0         0     186.6         0         0         0         0         0
         0         0     5.257         0         0         0         0     258.2         0         0         0         0         0
         0         0         0         0         0     494.1     581.1         0         0         0         0         0         0
         0         0  0.004906         0         0         0         0         0         0     420.1    0.2049    0.2409         0
         0         0   0.01797         0         0         0         0         0     683.5         0         0         0    0.2409
         0         0         0   0.00577         0         0         0         0    0.4611         0         0     5.257         0
         0         0  0.001853  0.001853         0         0         0         0     1.221         0     11.83         0     420.1
         0         0         0   0.04044         0         0         0         0         0     1.221         0     683.5         0
