         0         0         0    0.8823    0.8823         0         0         0 4.438e-05         0
         0         0      70.5         0     82.92         0     5.257         0         0  6.14e-05
         0     82.92         0         0         0     82.92     6.183         0         0 7.222e-05
     2.747         0         0         0     7.273     8.554     36.84         0 0.0004303         0
     6.183     303.7         0     16.37         0      70.5         0     16.37         0         0
         0         0     303.7     22.64     82.92         0         0         0         0         0
         0     36.84     36.84     158.7         0         0         0         0         0 0.0004303
         0         0         0         0     357.2         0         0         0  0.006787         0
   0.04756         0         0    0.1481         0         0         0   0.04756         0     36.84
         0    0.1481    0.1481         0         0         0    0.1481         0     158.7         0
