         0    0.8823         0    0.8823         0         0         0    0.4611         0         0         0 0.0005061         0         0         0         0         0
     6.183         0      70.5     16.37         0         0     13.92         0         0         0         0         0         0         0         0         0         0
         0     82.92         0     22.64         0         0         0         0     13.92         0         0         0         0         0         0         0         0
     8.554     22.64     26.63         0         0         0         0         0         0         0 0.0004303 0.0004303         0         0         0 1.972e-05         0
         0         0         0         0         0         0         0     36.84         0         0   0.00134         0         0         0         0         0         0
         0         0         0         0         0         0         0         0         0     420.1     1.436         0     2.336     1.436   0.04044         0         0
         0     581.1         0         0         0         0         0         0      70.5         0         0         0         0         0         0         0         0
     134.9         0         0         0     581.1         0         0         0         0         0         0         0         0         0         0         0         0
         0         0     581.1         0         0         0     82.92         0         0         0         0         0         0         0         0         0         0
         0         0         0         0         0     683.5         0         0         0         0         0     1.436         0         0         0         0         0
         0         0         0   0.02485   0.04044     3.231         0         0         0         0         0     420.1    0.1742     36.84         0         0         0
    0.4611         0         0   0.04044         0         0         0         0         0     3.231     683.5         0         0         0         0         0         0
         0         0         0         0         0     26.63         0         0         0         0    0.8823         0         0         0         0         0    0.6378
         0         0         0         0         0     50.97         0         0         0         0     581.1         0         0         0         0         0     0.107
         0         0         0         0         0     10.06         0         0         0         0         0         0         0         0         0         0    0.7502
         0         0         0    0.1742         0         0         0         0         0         0         0         0         0         0         0         0     1.038
         0         0         0         0         0         0         0         0         0         0         0         0     36.84     1.986     1.986     1.986         0
