         0     420.1         0         0         0         0         0         0     36.84    0.4611         0
     683.5         0         0         0         0         0         0         0         0         0         0
         0         0         0    0.8823         0    0.8823         0         0         0  0.007982  0.004171
         0         0    0.8823         0      70.5     16.37     134.9         0         0         0         0
         0         0         0     82.92         0     22.64         0     134.9         0         0         0
         0         0     1.221     22.64     26.63         0         0         0         0    0.1259         0
         0         0         0     258.2         0         0         0      70.5         0         0         0
         0         0         0         0     258.2         0     82.92         0         0         0         0
     581.1         0         0         0         0         0         0         0         0         0     0.107
     43.33         0    0.4611         0         0     5.257         0         0         0         0    0.6378
         0         0    0.7502         0         0         0         0         0     1.986     1.986         0
