         0  0.004309         0  0.004309         0         0         0  0.004309         0 0.0002645
   0.01856         0    0.8823    0.4611         0         0    0.8823    0.4611         0    0.2409
         0    0.8823         0         0      70.5         0     16.37         0     134.9         0
   0.01856    0.4611         0         0         0         0     5.257     420.1         0    0.6378
         0         0     82.92         0         0     219.5     22.64         0         0         0
         0         0         0         0     219.5         0         0         0      70.5         0
         0     1.221     22.64     7.273     26.63         0         0     7.273         0         0
    0.0302    0.7502         0     683.5         0         0     8.554         0         0         0
         0         0     258.2         0         0     114.7         0         0         0         0
  0.003547    0.7502         0     1.986         0         0         0         0         0         0
