         0         0         0     186.6         0         0         0         0         0         0         0
         0         0    0.6378         0         0     16.37         0         0         0         0         0
         0    0.6378         0    0.7502      70.5     16.37         0         0         0         0         0
     494.1         0    0.8823         0         0    0.8823    0.4611         0         0         0         0
         0         0     82.92         0         0     22.64         0         0         0         0         0
         0     22.64     22.64     1.038     26.63         0         0  1.03e-05 0.0001382 0.0002248         0
         0         0         0     8.554         0         0         0  0.002564         0         0         0
         0         0         0         0         0 0.0001912  0.003015         0     420.1    0.3333         0
         0         0         0         0         0  0.004171         0     683.5         0         0    0.3333
         0         0         0         0         0   0.04756         0       3.8         0         0     420.1
         0         0         0         0         0         0         0         0       3.8     683.5         0
