0.000000e+00 1.110223e-15 6.661338e-16 1.897354e-19 1.000000e+00
1.111111e-02 3.113118e-06 1.146211e-02 1.844827e-06 9.885329e-01
2.222222e-02 1.494297e-05 2.278357e-02 4.113612e-06 9.771974e-01
3.333333e-02 3.573116e-05 3.396608e-02 6.357422e-06 9.659918e-01
4.444444e-02 6.536993e-05 4.501126e-02 8.573708e-06 9.549148e-01
5.555556e-02 1.037506e-04 5.592069e-02 1.076277e-05 9.439648e-01
6.666667e-02 1.507656e-04 6.669592e-02 1.292492e-05 9.331404e-01
7.777778e-02 2.063088e-04 7.733851e-02 1.506046e-05 9.224401e-01
8.888889e-02 2.702751e-04 8.784998e-02 1.716971e-05 9.118626e-01
1.000000e-01 3.425607e-04 9.823184e-02 1.925297e-05 9.014063e-01
1.668101e+00 5.973418e-02 7.630156e-01 1.527366e-04 1.770975e-01
2.782559e+01 8.521667e-01 1.477779e-01 3.053265e-05 2.483103e-05
4.641589e+02 9.984825e-01 1.515887e-03 1.414703e-06 2.373137e-07
1.000000e+10 9.984825e-01 1.515887e-03 1.414703e-06 2.373137e-07
